0 0 1 1.0863 6288.42 6283.9 0 -6288.42 0.236735 0.16225 0.000345267 0 0 0 7 -1 -1 -1 -1 -1 -1 -1 -1 -1 -1 -1 -1 -1 -1 -1 -1 -1 -1 -1 -1 -1 -1 -1 -1 -1 -1 -1 -1 -1 -1 -1 -1 -1 -1 -1
-9999 2 4 3 4 4 7 0 4 3 7 2 3 6 5 1 6 4 4 7 0 5 4 4 9 5 5 4 3 1 2 5 3 3 7 2 3 2 3 1 3 1 5 6 7 2 0 5 3 1 2 2 2 3 4 7 3 4 2 1 4 7 4 4 3 1 1 4 0 2 4 5 5 7 4 1 6 2 0 0 0 1 0 6 4 1 2 2 3 0 0 2 2 4 1 1 4 3 0 3 4 4 6 4 0 4 2 2 2 3 1 3 4 3 1 0 5 6 1 6 4 3 2 5 3 4 0 1 0 5 2 3 3 0 2 6 3 3 3 1 0 0 2 1 2 3 6 2 0 8 6 2 2 0 3 2 4 4 2 5 4 4 3 2 3 2 3 1 2 5 2 7 3 5 7 7 3 3 1 4 0 3 1 3 3 2 4 3 3 6 2 2 3 5 5 4 2 3 1 5 1 1 3 1 6 5 2 2 5 6 2 3 1 1 3 2 5 6 0 3 4 3 5 1 4 1 4 1 2 3 3 5 5 2 4 3 2 4 3 1 5 2 6 3 5 4 3 3 4 4 2 5 6 3 1 1 5 4 1 8 3 3 4 2 6 1 3 3 3 4 0 4 3 2 0 4 2 2 1 3 4 3 2 0 2 4 3 6 4 9 3 3 5 2 4 3 1 4 3 2 4 2 3 2 2 3 5 2 2 4 3 2 5 1 5 3 5 3 4 1 2 6 4 3 5 3 4 3 3 4 1 4 1 4 2 3 3 5 6 4 2 1 2 5 5 2 3 3 3 4 6 3 1 9 3 2 4 1 1 1 2 2 1 3 5 3 0 1 1 4 1 6 2 1 5 3 3 4 5 3 6 0 2 7 2 1 1 5 4 6 5 5 0 4 1 3 4 0 1 2 5 1 1 5 4 5 6 3 5 4 3 6 5 0 0 1 13 11 16 13 14 10 16 13 9 10 16 9 17 15 11 10 9 11 12 12 10 9 7 17 12 11 10 9 9 11 16 13 12 20 10 15 15 15 12 15 13 11 13 14 11 17 12 8 12 18 18 18 14 13 11 22 19 14 14 10 13 16 20 15 11 8 8 15 11 12 17 16 11 12 15 12 7 10 12 14 10 13 12 20 14 14 13 8 13 10 10 13 11 17 17 16 16 6 15 10 15 11 12 8 17 10 9 13 11 14 21 11 21 14 14 18 9 12 19 11 17 12 9 12 14 18 16 17 11 10 13 14 5 14 12 11 17 9 18 16 11 18 15 15 13 14 15 15 15 13 8 17 10 10 6 15 10 14 15 13 12 13 6 10 22 14 5 8 19 15 21 7 12 11 12 6 14 15 14 22
-9998
0 0 1 6.09792 18898.7 18856.9 -18285 -4776.81 0.339454 1.62529 0.000345267 0 0 0 4 -1 -1 -1 -1 -1 -1 -1 -1 -1 -1 -1 -1 -1 -1 -1 -1 -1 -1 -1 -1 -1 -1 -1 -1 -1 -1 -1 -1 -1 -1 -1 -1 -1 -1 -1
-9999 1 6 1 0 1 6 0 4 4 5 4 1 3 5 2 0 6 1 0 2 6 3 2 1 0 4 5 3 4 1 6 2 3 3 1 2 9 1 1 3 2 4 3 3 2 2 4 1 4 2 3 3 1 4 4 4 5 1 2 7 3 1 2 2 2 4 2 4 3 1 0 4 3 4 3 1 1 6 2 3 4 3 4 1 2 0 5 7 1 2 5 4 2 2 2 2 2 5 1 2 4 3 6 2 3 1 3 1 2 5 3 4 5 3 2 3 6 3 2 2 3 1 3 5 6 3 4 3 5 2 2 7 5 4 6 3 3 1 4 4 4 4 3 2 5 5 5 2 1 8 5 1 5 5 1 4 4 2 3 3 2 2 3 2 2 7 2 5 3 3 1 4 2 2 1 2 6 9 2 4 7 4 0 2 2 3 3 4 4 2 5 2 4 2 3 5 7 4 2 3 3 0 2 4 4 3 2 4 2 6 2 2 5 2 3 5 5 3 2 3 3 3 4 3 3 1 2 6 4 2 1 8 0 3 7 3 3 2 8 3 4 1 5 3 1 3 5 5 5 3 2 1 3 1 4 2 4 2 3 5 3 5 6 7 7 1 6 3 6 1 1 2 5 4 2 2 4 3 3 3 4 1 7 0 1 11 3 1 4 2 2 4 2 4 1 3 2 6 1 4 2 5 5 1 2 3 3 2 3 3 6 3 3 1 6 6 3 3 5 1 3 3 3 7 2 0 0 4 4 5 5 3 3 0 3 2 4 3 1 3 2 0 11 2 4 7 4 5 3 1 1 0 5 3 5 2 0 5 5 0 3 4 2 3 8 3 1 4 2 5 4 3 0 3 1 1 6 6 1 2 3 1 4 8 5 1 5 3 2 2 5 1 2 4 2 1 2 2 5 2 3 4 2 2 0 3 6 2 4 1 4 1 3 6 4 10 10 11 11 10 6 8 6 11 15 11 11 8 14 14 10 15 12 14 15 13 13 10 12 12 14 9 15 12 14 16 16 5 17 15 16 10 14 12 17 10 8 9 6 9 13 14 10 17 7 16 12 17 13 7 17 14 14 9 13 12 11 18 17 12 9 15 14 20 11 12 21 9 10 13 10 18 12 10 12 12 11 17 18 9 4 4 15 13 11 16 10 14 16 13 9 19 11 12 11 13 17 7 13 20 13 8 16 17 9 14 16 14 13 15 15 21 11 10 8 8 17 15 18 11 12 16 10 13 12 14 9 14 10 14 9 14 13 12 11 11 9 19 11 16 13 12 18 19 19 16 15 14 12 9 7 8 18 14 13 11 16 16 13 13 14 12 14 7 13 17 11 14 9 10 12 16 10 9 15
-9998
0 0 1 9.87044 32496.1 31995.8 -31260.2 8876.62 0.199112 2.37776 0 0 0 0 7 -1 -1 -1 -1 -1 -1 -1 -1 -1 -1 -1 -1 -1 -1 -1 -1 -1 -1 -1 -1 -1 -1 -1 -1 -1 -1 -1 -1 -1 -1 -1 -1 -1 -1 -1
-9999 6 3 4 6 2 3 3 3 6 4 3 4 3 7 2 3 1 4 3 4 1 6 5 3 5 4 7 1 7 7 5 1 5 2 4 6 2 3 0 2 4 2 5 6 0 3 4 5 3 1 1 4 2 4 3 2 1 5 0 0 3 1 1 4 2 6 4 1 1 0 6 1 5 6 2 0 4 3 1 0 4 2 4 6 3 3 3 7 2 2 3 4 4 7 4 2 6 3 2 5 4 1 3 4 3 4 4 4 5 4 2 5 4 6 4 5 5 2 2 3 5 6 2 1 3 2 0 0 2 2 3 4 3 2 4 3 1 6 2 4 2 6 4 6 2 1 5 7 2 7 2 0 6 2 4 1 5 3 3 2 2 0 6 3 4 4 1 2 1 3 1 6 2 5 3 2 1 2 5 1 5 1 4 2 3 2 3 4 7 3 6 2 1 3 3 4 5 4 6 1 2 1 3 3 1 5 4 4 0 5 4 3 3 1 8 3 2 3 5 8 8 6 3 2 2 4 7 6 7 5 4 2 2 2 6 1 1 2 4 3 4 1 9 5 5 7 1 1 3 8 5 7 3 2 1 1 4 1 5 3 5 5 6 7 4 4 6 4 4 2 3 2 3 5 1 1 3 3 6 3 4 2 1 6 5 2 0 1 4 2 3 2 3 2 3 6 2 1 2 5 2 5 6 1 5 6 3 3 3 3 5 3 2 8 3 5 2 4 0 4 1 5 9 4 5 1 5 4 4 2 7 3 2 1 3 1 1 1 4 2 1 2 2 3 2 4 7 0 8 5 2 2 3 5 4 3 2 1 3 3 1 1 4 5 4 3 1 7 3 4 3 3 5 1 4 1 4 3 1 6 6 5 4 2 6 2 2 2 8 1 4 1 6 2 0 2 1 4 5 1 2 2 0 1 5 3 4 0 1 5 2 3 3 6 1 16 15 18 16 12 12 10 23 11 11 16 18 12 14 12 13 16 9 16 14 11 15 12 13 6 15 8 18 10 10 16 11 8 19 13 13 11 10 14 13 16 12 11 15 20 9 17 14 9 7 15 9 17 14 14 16 17 12 13 10 15 10 12 12 15 11 8 10 8 15 20 15 13 15 12 13 13 17 7 15 13 9 17 14 15 12 19 18 10 12 10 15 7 16 10 6 15 16 18 13 12 14 17 9 14 13 14 12 16 11 13 10 15 14 11 15 9 18 15 10 8 10 10 7 9 10 21 18 11 7 18 12 18 12 6 11 12 21 7 12 16 15 11 13 13 15 9 11 12 12 6 13 8 10 14 12 11 12 13 12 9 16 12 18 9 12 9 10 10 15 7 9 21 11 16 11 9 13 13 7
-9998
0 0 1 4.05257 28521.7 28104.3 -28521.1 -181.901 0.239839 2.3775 0 0 0 0 6 -1 -1 -1 -1 -1 -1 -1 -1 -1 -1 -1 -1 -1 -1 -1 -1 -1 -1 -1 -1 -1 -1 -1 -1 -1 -1 -1 -1 -1 -1 -1 -1 -1 -1 -1
-9999 0 5 1 3 1 1 2 4 4 5 6 0 1 3 2 3 1 2 5 6 3 3 6 6 1 1 2 2 3 2 2 3 2 2 3 1 1 3 2 5 1 3 5 3 4 5 3 2 5 3 0 7 2 4 2 2 3 4 3 1 3 4 4 4 2 2 4 2 3 2 4 4 3 2 5 4 4 7 6 0 4 3 7 2 4 8 1 3 3 2 3 3 5 2 2 1 2 2 2 9 1 4 0 1 3 4 3 2 3 3 4 1 6 1 4 6 2 2 5 1 3 4 4 4 2 2 1 5 3 7 7 3 2 3 2 3 4 2 2 9 1 4 2 3 4 0 0 3 2 3 5 1 2 5 5 3 3 2 3 1 3 6 4 2 2 1 2 3 2 2 1 3 2 4 4 3 1 1 1 2 6 2 5 6 3 4 3 2 3 4 4 1 2 3 7 2 2 6 4 5 5 6 3 3 3 2 4 8 5 3 4 5 2 4 3 2 2 6 5 1 4 1 2 2 2 0 2 2 5 2 3 8 2 4 5 6 0 3 2 1 3 3 5 2 6 2 3 2 2 5 4 4 1 7 4 3 3 4 4 2 0 3 2 2 7 6 7 2 3 3 1 4 3 2 1 7 2 3 1 4 3 4 0 2 3 3 1 1 9 4 3 4 3 2 2 5 2 3 2 3 3 6 6 4 3 5 2 4 2 4 5 3 1 4 4 6 1 1 2 1 1 1 5 7 4 4 2 4 2 2 6 3 1 5 2 3 1 2 3 4 3 1 4 3 3 3 3 3 1 6 2 3 4 1 2 1 2 3 3 5 2 5 3 6 2 6 3 3 3 4 4 6 5 2 4 4 1 1 4 5 3 2 2 1 4 3 3 5 1 3 1 4 3 1 6 0 3 2 4 4 4 2 2 5 5 3 3 6 4 7 4 0 8 2 3 17 14 6 16 8 17 13 14 11 19 15 14 6 13 14 8 16 13 8 16 11 18 10 9 9 20 17 11 20 11 11 9 10 12 11 18 16 14 12 18 19 12 11 11 8 12 12 17 21 11 14 12 8 17 13 15 15 15 10 13 8 15 7 9 11 7 17 10 14 21 13 16 12 11 11 17 14 12 8 9 7 17 21 14 15 7 19 19 15 12 15 13 14 12 13 9 7 10 19 10 19 9 15 10 14 13 19 9 10 9 16 12 11 8 12 14 13 8 13 19 18 9 16 9 13 10 12 10 13 10 19 15 16 10 7 17 9 7 15 19 13 12 11 10 14 14 11 8 5 11 15 16 12 14 11 11 12 15 8 18 12 11 18 15 13 22 9 9 13 6 7 14 11 15 12 18 13 8 14 9
-9998
0 0 1 3.75069 26949.4 26738.8 16973.8 20932.3 0.211197 4.96437 0.000345267 0 0 0 12 -1 -1 -1 -1 -1 -1 -1 -1 -1 -1 -1 -1 -1 -1 -1 -1 -1 -1 -1 -1 -1 -1 -1 -1 -1 -1 -1 -1 -1 -1 -1 -1 -1 -1 -1
-9999 4 4 4 3 6 3 3 5 2 2 5 2 3 3 4 3 3 8 3 2 6 3 3 4 1 2 3 3 1 4 2 3 3 4 0 5 4 4 11 4 6 3 4 2 3 4 4 2 3 1 3 5 5 1 2 5 9 0 8 3 1 4 5 1 1 2 4 3 2 4 2 3 1 2 3 6 2 5 3 2 3 4 4 7 4 3 5 2 2 3 1 2 2 3 2 2 2 2 3 3 2 3 0 3 3 3 1 3 1 3 2 7 4 4 4 2 4 3 6 2 0 4 7 6 10 4 3 6 3 2 4 5 2 4 1 3 3 4 3 5 1 3 4 1 3 6 3 3 3 3 2 3 4 0 6 4 3 0 6 0 1 5 1 4 2 2 5 3 0 5 1 6 3 2 2 3 2 4 1 2 2 6 6 5 2 4 1 1 7 3 1 2 2 6 5 1 3 2 3 6 1 4 3 2 1 1 0 4 8 3 2 1 4 9 7 2 5 4 4 4 4 6 4 2 2 2 1 1 3 1 4 2 3 1 3 4 2 5 4 7 2 5 7 3 1 2 1 3 3 3 4 3 3 5 5 9 6 3 2 4 9 5 3 3 4 3 2 6 3 5 4 6 4 4 4 2 5 2 3 3 1 6 4 2 3 3 3 4 5 2 2 1 5 2 6 2 8 1 0 5 4 4 2 3 3 4 4 2 2 2 7 3 6 3 4 1 0 6 2 4 3 1 2 4 2 1 6 6 3 2 3 2 6 2 3 5 2 1 3 1 2 5 5 3 3 2 3 2 2 2 2 2 5 4 5 5 2 2 1 2 4 7 3 4 4 3 4 6 1 3 5 2 4 3 2 5 1 6 5 3 2 3 2 2 1 5 1 5 0 2 2 2 2 1 4 5 1 4 4 3 4 3 3 4 6 4 3 3 3 1 4 3 4 3 5 17 17 8 12 20 7 16 13 14 18 19 12 12 12 14 15 17 14 11 16 13 14 16 11 8 6 11 16 13 23 19 15 17 13 14 11 11 12 8 15 9 17 13 13 10 8 9 23 6 15 9 13 19 7 11 15 6 13 13 13 13 21 17 8 15 15 18 15 14 20 15 10 12 9 7 8 13 8 17 11 17 11 10 13 13 18 12 12 15 21 16 14 9 9 16 15 19 11 14 12 17 15 15 12 14 22 15 10 12 12 22 8 11 9 12 10 12 10 20 8 11 12 14 9 9 15 11 9 19 15 16 13 7 9 15 13 15 12 9 8 12 10 11 16 9 9 9 13 5 15 10 15 11 20 14 15 6 11 14 12 18 18 15 9 14 13 11 13 16 8 12 11 7 12 10 11 13 13 11 18
-9998
0 0 1 251.228 23762.3 23663.4 -17862.7 -15670.8 0.231298 1.88197 0 0 0 0 2426 -1 -1 -1 -1 -1 -1 -1 -1 -1 -1 -1 -1 -1 -1 -1 -1 -1 -1 -1 -1 -1 -1 -1 -1 -1 -1 -1 -1 -1 -1 -1 -1 -1 -1 -1
-9999 2 0 1 0 0 6 2 5 2 3 4 2 2 3 0 1 2 6 6 3 2 4 6 5 1 3 3 7 8 6 5 3 2 4 5 2 2 2 1 1 4 3 2 7 2 3 4 5 4 3 8 8 3 2 4 4 1 4 4 4 4 5 2 4 2 7 4 1 2 7 3 3 6 4 1 4 5 2 3 1 4 6 4 5 6 4 4 3 5 2 4 5 3 2 4 3 1 1 2 2 2 7 5 6 3 1 2 2 4 1 6 6 1 4 4 1 4 3 4 5 2 3 5 4 1 5 6 2 4 2 2 1 3 5 4 5 3 2 2 3 1 6 5 4 6 3 4 2 2 4 2 3 7 0 3 4 4 2 3 0 1 5 1 4 4 1 5 3 4 4 4 2 2 5 0 5 0 4 2 1 2 7 2 3 2 3 4 3 4 3 4 1 1 3 5 5 1 4 5 0 6 5 5 2 3 2 2 2 4 0 3 2 1 2 0 4 2 4 5 2 5 4 0 3 1 3 2 2 4 3 4 4 3 1 0 4 1 6 1 2 5 2 8 4 2 3 2 2 1 5 3 3 5 7 1 0 1 4 1 4 5 5 2 1 3 1 4 2 5 1 5 1 1 2 3 0 3 2 0 1 3 4 0 3 3 6 1 1 0 3 2 4 6 4 3 5 2 3 3 7 4 2 0 2 10 5 1 2 3 2 6 2 2 2 5 1 3 5 3 10 5 1 3 8 4 1 4 4 2 1 4 3 2 1 6 4 2 0 5 3 6 0 3 0 4 1 8 2 2 1 1 1 4 5 4 6 2 1 2 4 5 2 0 3 9 1 2 5 3 4 7 7 7 2 6 2 4 5 5 1 5 5 5 4 11 9 5 5 4 5 3 0 4 3 4 4 1 3 3 2 6 0 4 2 4 1 6 4 4 3 4 6 4 2 4 15 13 17 11 17 10 12 12 13 15 10 5 18 15 18 11 8 18 17 12 19 22 13 11 10 17 16 10 36 48 15 11 11 18 19 15 11 17 10 11 11 11 6 12 20 15 14 14 9 12 11 11 8 7 17 19 13 16 22 9 17 21 14 17 24 14 16 18 17 30 54 11 12 14 14 11 11 15 9 12 8 12 11 13 10 10 8 16 17 12 13 7 4 14 10 26 11 9 17 14 13 15 12 14 15 11 13 14 15 13 14 11 15 11 14 21 50 54 16 16 18 19 15 14 6 17 11 16 15 18 10 8 22 11 12 14 16 10 10 12 12 10 13 10 11 15 20 15 6 9 14 11 15 9 11 13 15 9 12 6 15 9 10 10 17 15 11 9 20 74 36 12 16 16 15 11 12 11 11 6
-9998
0 0 1 1.26144 26355.3 26072.2 7689.64 -25208.6 0.32247 0.775498 0.000345267 0 0 0 0 -1 -1 -1 -1 -1 -1 -1 -1 -1 -1 -1 -1 -1 -1 -1 -1 -1 -1 -1 -1 -1 -1 -1 -1 -1 -1 -1 -1 -1 -1 -1 -1 -1 -1 -1
-9999 4 3 2 2 4 4 2 1 3 2 2 2 3 6 3 3 6 3 0 1 3 4 3 1 3 2 2 3 1 0 5 3 3 2 5 2 4 4 3 4 5 3 3 6 2 5 2 4 4 3 2 2 1 4 3 2 7 4 7 2 2 3 1 5 2 3 6 7 3 3 2 4 1 2 3 3 3 2 1 1 5 2 4 2 2 4 0 4 0 3 2 0 2 1 4 2 3 3 3 2 1 4 2 2 3 1 2 2 3 3 1 0 3 6 3 5 3 5 2 3 3 3 2 3 4 4 2 2 4 3 1 4 3 3 3 4 4 4 7 2 2 6 2 1 2 3 5 6 3 3 2 4 7 1 2 0 3 6 5 3 3 6 3 3 4 1 2 3 1 6 4 3 5 7 3 7 4 3 1 2 2 3 4 4 7 6 3 2 4 4 4 3 5 7 6 0 6 3 0 4 3 3 6 3 7 2 2 3 0 3 3 2 5 4 5 2 6 3 3 3 3 4 2 1 3 3 3 6 1 4 2 5 4 7 3 1 4 1 3 3 1 5 2 2 0 2 2 4 3 6 5 2 9 6 5 1 3 3 3 5 7 2 2 4 5 1 3 1 3 0 4 1 1 3 3 5 2 6 3 3 4 0 2 3 0 6 2 3 5 3 3 2 3 1 1 6 1 4 1 2 4 2 4 2 4 2 1 5 6 3 5 7 1 5 4 0 6 5 5 5 2 4 1 1 4 3 5 5 0 5 2 3 1 2 4 4 1 3 3 2 2 2 3 6 4 5 1 5 5 3 5 0 2 2 2 6 4 6 3 3 1 3 0 0 5 4 1 1 6 4 2 2 4 3 4 4 4 2 3 3 2 0 6 3 3 1 2 4 2 4 2 3 3 4 3 2 3 1 3 4 1 3 1 1 0 5 3 3 0 4 3 2 5 2 4 13 15 7 22 13 16 19 12 17 17 12 13 16 9 14 16 18 12 13 7 9 12 19 13 10 11 9 12 21 13 13 6 16 6 9 12 21 11 15 15 6 20 12 16 10 13 15 11 12 8 8 16 20 11 4 10 9 10 11 12 11 16 15 13 9 12 13 6 13 9 14 11 19 16 9 16 8 8 15 17 11 8 13 15 13 12 8 14 17 13 8 12 14 11 18 11 11 13 9 17 10 10 13 16 19 7 15 14 12 12 11 11 11 7 19 12 17 17 6 9 17 13 13 8 10 14 8 10 17 12 13 15 12 13 9 10 11 10 16 15 9 10 13 14 10 13 14 8 20 14 16 16 12 11 18 11 12 10 14 14 12 18 19 11 11 8 9 15 15 14 15 6 12 15 14 15 17 10 16 10
-9998
0 0 1 1.21209 27165.4 25944.6 5501.17 -26602.6 0.336917 2.23334 0 0 0 0 0 -1 -1 -1 -1 -1 -1 -1 -1 -1 -1 -1 -1 -1 -1 -1 -1 -1 -1 -1 -1 -1 -1 -1 -1 -1 -1 -1 -1 -1 -1 -1 -1 -1 -1 -1
-9999 4 7 3 3 5 3 3 2 4 5 1 4 5 3 1 6 5 3 1 5 3 4 2 0 3 4 3 4 4 1 2 5 4 7 5 1 3 1 4 5 3 3 2 5 6 1 2 4 3 3 2 4 6 2 7 5 1 5 3 5 1 1 3 5 1 4 2 2 5 4 3 1 3 2 4 7 2 4 7 3 3 1 6 4 2 3 4 0 4 3 0 0 4 3 3 4 3 1 3 2 8 6 5 3 4 5 2 4 2 1 1 3 5 2 3 2 0 5 5 4 3 8 2 3 4 5 3 2 6 0 7 1 3 2 5 5 3 4 6 4 3 6 2 2 4 4 3 4 2 5 1 4 2 2 2 3 2 5 3 5 4 2 4 3 0 2 6 4 4 4 4 4 3 4 2 3 2 2 3 1 3 5 2 1 7 2 6 2 1 1 6 4 6 2 2 1 3 4 2 5 2 5 0 4 2 3 3 5 3 4 9 6 4 0 4 5 2 3 2 4 1 4 4 5 5 2 3 2 2 2 1 5 4 2 3 1 3 3 10 4 6 4 2 3 1 8 6 5 3 6 3 4 4 3 4 2 1 2 2 4 3 2 0 7 4 0 1 2 4 1 2 4 3 2 1 5 3 1 2 3 3 2 3 2 3 4 5 2 1 1 1 2 2 3 5 1 5 2 1 2 6 1 1 4 0 3 2 3 4 2 2 3 2 3 5 1 0 4 4 2 6 4 3 5 6 3 4 4 4 2 1 4 2 3 3 1 6 2 1 4 2 4 4 2 3 5 1 8 2 6 3 8 4 2 5 4 5 5 2 4 1 0 2 3 4 1 3 5 4 8 3 2 6 3 1 1 3 3 5 0 5 6 4 1 3 0 5 1 3 6 2 3 4 1 2 2 6 6 8 5 6 1 3 3 2 2 5 2 5 8 2 2 6 5 1 14 10 11 14 18 8 7 10 16 12 7 15 16 21 13 7 6 7 6 13 14 13 16 10 9 14 15 9 11 14 8 15 12 17 11 11 13 16 15 9 10 11 12 11 9 16 12 14 13 17 13 10 19 11 19 12 7 12 15 6 14 8 13 21 12 23 10 7 14 11 13 12 6 12 17 15 12 15 6 8 15 7 14 12 11 9 11 14 8 13 15 15 9 15 12 11 8 22 14 15 10 17 22 18 14 14 17 9 5 13 12 18 14 14 15 18 11 16 12 12 15 11 9 5 15 14 13 11 15 12 9 12 11 6 10 15 9 11 20 5 11 9 17 11 19 18 14 16 19 11 13 18 16 11 13 16 18 14 4 13 17 11 16 8 16 18 12 13 11 11 9 10 10 18 4 20 11 10 10 4
-9998
0 0 1 34.0878 19156.5 18822.7 10757.4 -15850.9 0.260774 6.07429 0 0 0 0 448 -1 -1 -1 -1 -1 -1 -1 -1 -1 -1 -1 -1 -1 -1 -1 -1 -1 -1 -1 -1 -1 -1 -1 -1 -1 -1 -1 -1 -1 -1 -1 -1 -1 -1 -1
-9999 1 3 4 4 2 2 2 3 4 4 0 5 3 4 2 2 2 4 0 2 2 4 2 3 7 4 3 4 5 5 2 1 4 4 5 4 3 2 4 6 3 6 5 1 1 5 5 5 4 2 0 1 5 6 3 4 0 3 4 2 7 5 3 4 0 3 2 1 1 2 2 4 5 5 2 4 2 5 5 2 4 5 6 3 4 3 3 1 4 2 6 7 1 1 4 7 6 3 2 2 3 0 4 4 4 2 2 6 4 1 2 3 3 1 5 4 3 3 6 5 4 2 3 5 1 2 3 5 3 1 1 4 7 6 3 3 1 6 1 5 5 4 3 4 0 2 3 7 5 4 2 7 3 2 4 3 5 3 4 1 2 4 5 2 3 4 2 4 2 6 5 4 5 6 6 2 4 2 1 1 5 1 3 2 4 2 5 3 3 1 1 2 2 2 5 8 3 4 1 3 5 4 1 2 2 4 3 6 3 1 4 3 2 3 0 4 1 4 2 4 4 3 2 4 4 6 5 3 6 3 2 1 7 6 1 6 5 11 4 2 1 3 4 5 1 2 5 1 3 6 4 4 5 3 4 3 0 1 4 3 5 4 1 3 2 3 2 6 4 3 1 2 2 5 2 4 3 4 2 4 5 1 2 5 6 3 4 4 4 2 5 3 5 26 19 9 4 3 3 2 2 0 3 3 1 5 2 6 3 4 8 4 2 5 1 2 2 1 1 2 2 3 2 4 5 4 0 3 4 4 5 5 1 2 5 6 4 2 1 5 2 4 3 2 5 1 3 2 2 5 4 1 2 1 2 7 12 10 1 4 4 1 5 4 0 5 6 1 0 1 2 4 0 4 4 4 0 3 9 4 4 6 4 2 4 3 9 4 3 4 2 10 6 2 1 2 2 3 3 2 2 2 3 1 5 6 6 3 4 4 3 4 3 5 3 8 13 11 23 19 16 22 20 17 15 11 17 15 24 25 22 10 17 15 12 11 14 10 13 16 6 12 15 13 11 13 11 14 10 14 11 8 8 18 13 16 19 12 9 17 13 12 12 9 6 18 18 28 14 17 10 15 16 13 11 7 8 11 14 10 8 12 12 10 12 9 11 15 11 12 19 11 8 12 14 19 9 15 12 20 16 16 14 9 14 11 6 12 19 17 22 11 17 7 11 13 11 9 11 13 15 8 11 11 20 12 15 19 7 19 16 13 8 19 14 7 15 10 11 7 9 7 11 6 10 15 14 14 10 13 12 13 12 10 16 16 12 9 12 15 15 15 13 16 14 15 10 16 11 14 9 9 19 16 7 19 11 18 11 13 17 11 14 15 9 14 14 9 11 19 9 20 14 10 13
-9998
1 1 1 166.428 8686.04 8660.66 -8342.97 2417.03 0.324314 4.18831 0 0 0 1 3505 4886 383 0.754622 0.725375 0.0835613 0.328686 0.726463 0.0159633 11.0133 0.0460499 0.0554646 0.0616046 0.0628326 0.0636512 0.0644699 0.0652886 0.0661072 -0.0183047 0.328176 -0.012125 0.0826769 1.478 0.00101171 -0.0803775 0 0.102321 0.770344 0.685367 0.664167 0.860773 0 0 124717 124801 92.6094
-9999 4 6 5 30 4 0 1 3 3 3 46 42 13 2 3 6 1 5 1 4 8 3 7 39 84 19 17 7 11 7 6 4 2 3 4 2 3 7 6 6 3 5 31 141 75 21 7 11 7 8 7 6 3 4 3 3 5 0 4 5 6 4 7 4 4 1 7 25 68 86 35 9 7 12 7 10 10 3 1 3 4 5 3 2 2 7 6 2 5 2 3 2 5 2 1 8 2 9 18 25 45 31 8 3 9 8 3 5 6 6 6 2 3 4 7 4 3 1 9 3 5 4 4 2 4 4 3 4 2 3 1 1 1 3 8 4 11 25 23 8 7 9 0 1 3 6 8 3 4 2 2 0 6 6 2 1 5 2 4 8 2 4 9 5 4 0 4 3 3 5 2 5 3 5 6 2 4 5 4 6 9 15 10 5 3 3 4 4 7 2 0 5 2 2 3 3 6 2 6 3 5 4 4 4 1 2 3 1 4 8 4 4 1 2 2 4 2 1 3 7 6 4 3 5 5 6 5 2 3 6 11 14 7 0 2 2 4 8 5 7 4 2 4 5 3 2 5 2 1 1 1 3 5 1 3 3 1 5 6 2 2 2 4 2 2 3 4 3 4 3 1 2 2 3 2 2 1 2 1 1 6 4 5 2 8 2 4 14 8 3 5 4 7 2 3 8 0 7 6 5 0 0 5 2 3 3 5 1 6 3 3 2 1 2 4 1 3 4 4 4 3 2 5 1 6 4 6 2 2 2 5 2 4 5 1 3 6 2 4 2 4 1 2 5 3 2 5 8 9 8 7 4 1 3 1 1 2 2 1 3 3 4 0 4 6 5 5 4 5 9 6 2 3 1 4 4 1 3 3 1 4 4 0 2 1 2 2 1 2 4 5 2 3 2 1 4 4 2 5 6 3 2 1 0 2 2 2 5 5 1 1 3 5 3 4 14 9 12 11 12 17 13 14 20 24 23 13 12 8 13 8 13 15 19 10 8 11 18 11 8 14 12 13 11 16 17 13 16 14 9 15 11 10 10 19 13 15 18 10 17 15 15 15 16 13 12 9 16 17 13 15 8 17 13 11 9 17 19 11 10 9 10 12 12 15 11 11 16 10 8 10 12 10 8 11 11 14 12 12 16 12 7 17 12 14 12 15 15 16 13 10 9 8 14 14 11 9 19 15 14 17 14 8 14 18 14 13 14 15 16 17 10 16 19 15 14 12 14 9 16 23 12 19 13 17 12 13 20 14 12 15 10 10 17 14 15 12 8 15 13 20 4 13 16 11 15 14 17 7 14 9 13 11 16 15 13 14 19 14 14 14 16 10 14 14 11 14 18 12 14 14 20 12 7 12
-9998
1 1 1 8.91587 2938.05 2858.06 -2805.51 -872.485 0.249446 3.09121 0 0 0 0 89 -1 -1 -1 -1 -1 -1 -1 -1 -1 -1 -1 -1 -1 -1 -1 -1 -1 -1 -1 -1 -1 -1 -1 -1 -1 -1 -1 -1 -1 -1 -1 -1 -1 -1 -1
-9999 3 2 4 7 8 8 4 2 5 2 3 5 7 1 4 0 4 10 1 4 2 1 1 1 1 2 2 2 4 5 5 2 2 4 1 2 2 1 2 2 2 4 4 3 4 3 4 2 5 2 5 1 4 3 3 5 2 5 4 2 5 2 1 1 6 2 1 5 4 4 4 3 4 1 9 2 5 4 2 1 4 4 2 4 4 3 4 4 2 5 2 4 7 4 4 7 3 3 4 3 6 2 2 2 6 3 0 2 4 0 3 3 2 3 0 6 5 5 5 7 3 4 4 1 2 6 3 5 3 2 3 3 1 3 1 3 1 1 1 3 2 3 2 4 2 4 2 3 3 5 5 6 4 4 1 1 2 2 2 3 1 6 2 6 1 6 2 3 5 2 0 5 2 3 4 3 2 0 4 4 1 3 7 3 1 2 4 2 4 5 4 3 3 3 2 5 1 1 2 1 2 2 1 3 6 1 1 3 6 1 6 2 2 4 2 4 4 4 2 3 3 2 3 2 2 8 2 3 1 7 3 0 1 2 4 2 5 5 2 1 4 2 0 3 3 2 9 3 1 3 5 5 4 6 4 1 5 7 2 2 5 2 1 1 6 1 3 3 3 2 4 3 5 4 3 2 6 1 2 3 4 4 2 8 0 2 0 1 3 4 3 5 7 4 1 3 1 1 2 4 1 2 4 4 3 5 1 4 2 3 3 5 5 3 2 5 3 4 4 2 5 5 3 4 5 2 2 4 2 2 7 4 1 2 0 1 6 0 1 3 4 6 1 3 5 4 1 8 1 8 1 1 1 2 3 4 4 1 2 3 5 5 1 3 4 1 3 1 3 3 2 7 2 6 4 3 3 2 2 6 4 4 1 0 3 4 1 5 3 4 3 5 2 6 1 4 4 2 2 2 3 5 3 0 0 2 3 2 1 4 2 4 5 2 4 11 14 12 17 14 19 19 13 7 14 14 19 17 13 12 12 10 9 12 4 11 15 14 11 11 15 15 8 12 19 8 12 11 10 19 10 10 10 17 20 10 7 7 10 15 13 19 19 18 13 18 9 5 10 13 13 10 13 14 12 12 9 9 9 19 7 7 14 15 11 13 16 10 12 10 12 7 5 13 12 15 13 16 16 9 20 9 16 16 14 16 9 12 12 6 16 12 12 10 16 11 13 13 5 14 6 10 9 12 10 15 10 13 9 8 14 10 14 8 18 6 14 22 10 18 11 9 16 19 13 13 10 15 8 12 15 13 10 11 12 15 15 12 10 11 15 17 15 15 14 14 18 6 13 19 11 13 14 9 13 13 15 17 9 12 16 17 18 9 17 17 13 6 17 11 18 15 8 14 16
-9998
1 1 1 9.74262 23798.5 23762.7 -15405.3 18139.7 0.264825 3.63442 0 0 0 0 85 -1 -1 -1 -1 -1 -1 -1 -1 -1 -1 -1 -1 -1 -1 -1 -1 -1 -1 -1 -1 -1 -1 -1 -1 -1 -1 -1 -1 -1 -1 -1 -1 -1 -1 -1
-9999 3 4 3 2 5 2 3 1 4 3 2 2 3 7 3 4 1 5 2 2 2 5 1 1 2 5 1 1 4 3 5 6 2 4 3 3 2 4 3 2 2 6 3 4 2 3 1 4 5 3 2 7 4 4 4 2 5 3 3 2 3 2 2 2 4 5 4 2 5 2 3 4 4 4 6 5 2 5 1 2 2 3 3 1 1 5 2 4 1 1 6 1 2 4 4 6 4 1 1 3 1 1 3 4 1 2 4 4 3 4 3 3 2 5 5 4 4 2 5 4 3 4 3 4 4 1 3 0 4 1 1 2 1 2 7 3 1 3 2 4 1 2 5 5 6 5 6 1 2 2 0 3 5 2 3 4 3 5 2 1 1 3 3 3 1 1 2 1 5 2 1 2 1 1 8 1 3 3 2 2 1 5 2 1 1 2 2 0 2 1 4 4 4 4 4 5 2 0 2 7 3 9 2 1 3 5 3 3 6 4 3 2 1 3 4 1 6 2 3 5 1 0 2 4 3 2 5 4 1 2 4 3 7 2 7 4 2 4 4 5 3 4 3 7 0 3 4 5 5 4 1 3 3 2 2 1 3 3 3 2 3 2 4 1 3 3 2 5 2 1 3 4 0 8 4 2 0 2 4 4 5 2 6 2 5 3 3 3 4 4 4 1 5 0 1 3 5 4 5 3 6 3 1 0 5 4 3 3 4 3 5 4 3 8 0 5 4 2 4 5 3 4 3 1 4 4 3 3 1 3 8 3 2 4 2 2 1 2 2 0 2 3 4 3 2 1 2 3 4 5 3 1 5 4 4 3 5 5 0 2 5 4 4 3 1 3 1 4 6 4 4 4 3 3 3 2 3 0 2 5 5 3 3 2 1 1 5 3 2 3 2 1 4 0 2 5 2 3 3 4 5 5 7 3 1 6 2 6 2 4 3 3 3 8 6 15 15 10 9 20 9 12 10 12 19 17 8 13 14 13 15 7 9 17 9 15 13 15 10 18 20 8 16 12 10 18 16 17 13 8 10 6 12 12 12 14 9 7 9 19 13 13 11 18 13 15 12 17 12 8 15 13 8 15 17 6 13 13 15 19 12 8 16 18 6 15 14 16 13 20 12 13 15 8 12 13 18 14 10 13 13 15 17 11 9 14 14 20 13 15 11 15 17 8 18 11 10 12 11 17 14 12 14 14 16 11 7 14 13 11 14 12 13 11 19 17 9 14 10 12 12 15 15 20 15 9 7 11 7 19 11 13 15 13 13 11 16 25 12 15 15 15 10 11 10 15 13 9 7 18 16 14 9 18 14 16 8 12 10 8 24 11 15 13 7 7 12 11 9 12 13 16 9 16 11
-9998
1 1 1 33.9546 27910.3 27420 2831.13 27766.4 0.210606 4.14329 0 0 0 0 196 -1 -1 -1 -1 -1 -1 -1 -1 -1 -1 -1 -1 -1 -1 -1 -1 -1 -1 -1 -1 -1 -1 -1 -1 -1 -1 -1 -1 -1 -1 -1 -1 -1 -1 -1
-9999 4 4 6 4 6 6 3 5 4 2 1 5 3 5 2 2 2 3 3 7 5 6 4 4 6 3 3 6 5 4 1 2 9 3 1 6 4 6 1 1 2 2 4 3 2 4 7 6 4 0 0 3 6 1 8 4 6 2 1 4 3 1 3 4 2 1 5 3 3 1 8 3 2 3 3 3 2 3 6 3 6 4 6 2 1 5 2 3 4 7 3 2 4 6 6 2 9 4 8 3 4 2 4 1 5 4 2 2 1 4 1 1 5 1 5 4 5 3 4 4 1 3 3 5 2 1 2 5 6 3 4 4 5 2 1 3 6 3 1 6 3 3 2 2 1 5 1 2 4 2 2 4 1 4 2 10 3 2 4 2 4 2 4 4 2 2 3 1 2 2 5 3 3 3 4 4 4 5 3 4 7 0 8 4 4 4 4 2 2 6 5 5 2 3 4 3 4 4 3 4 4 3 6 1 3 4 7 1 4 3 6 4 4 0 3 0 3 6 4 1 5 1 2 3 5 5 4 3 3 4 3 3 2 1 2 2 6 3 0 1 3 2 0 4 4 2 0 2 1 1 1 5 1 3 2 2 3 2 4 3 3 4 8 9 3 5 1 3 5 3 2 2 3 6 3 3 1 3 4 3 2 3 4 5 5 3 2 2 3 5 2 1 2 3 2 0 5 3 3 1 3 6 4 3 3 3 4 4 3 4 2 4 3 2 2 3 1 5 3 7 3 2 4 7 1 2 4 3 3 2 3 2 1 5 5 1 2 4 5 1 2 6 7 4 3 5 1 7 2 2 0 1 0 5 2 2 6 2 4 3 4 3 0 5 3 4 1 5 3 5 4 6 5 8 1 5 4 3 1 5 0 4 2 5 6 3 4 0 4 5 3 3 3 6 4 1 3 1 4 6 3 3 1 3 4 3 3 3 5 7 4 7 1 3 5 14 15 11 10 11 12 16 10 11 13 18 16 14 15 19 15 18 25 13 11 7 13 19 13 5 16 13 17 12 12 10 14 8 13 11 7 13 10 17 22 18 13 9 16 8 15 9 15 14 16 12 13 6 14 9 16 9 8 8 14 16 19 10 16 10 12 14 15 14 9 8 16 15 14 11 14 9 17 19 14 12 12 29 12 12 8 8 15 14 15 17 11 6 13 10 18 10 7 20 9 12 11 21 18 13 12 18 11 12 20 14 5 17 10 10 12 14 16 12 17 13 16 13 15 15 10 12 12 10 19 21 9 15 15 14 14 11 14 16 10 13 7 13 10 13 14 18 13 22 16 13 17 13 13 11 11 15 8 15 12 14 15 12 10 15 8 14 9 17 11 17 17 13 13 14 11 11 17 11 13
-9998
1 1 1 8.48206 27050.9 26273.4 17849.5 20326 0.24733 3.7559 0 0 0 0 68 -1 -1 -1 -1 -1 -1 -1 -1 -1 -1 -1 -1 -1 -1 -1 -1 -1 -1 -1 -1 -1 -1 -1 -1 -1 -1 -1 -1 -1 -1 -1 -1 -1 -1 -1
-9999 3 2 6 3 2 6 0 3 3 2 5 3 4 3 4 2 5 1 6 9 5 3 3 2 5 0 5 4 3 2 4 6 4 1 1 6 5 4 3 3 3 3 5 1 4 5 3 4 7 2 4 5 5 5 4 3 2 3 2 1 3 2 3 2 2 6 1 6 4 1 3 2 2 4 3 2 3 3 6 3 6 2 3 5 5 3 4 3 1 4 2 2 1 5 2 0 4 2 0 5 6 3 4 6 4 5 2 8 4 2 1 1 4 0 4 2 5 3 3 7 2 3 7 1 6 3 6 3 5 3 7 5 5 6 7 5 1 1 2 5 6 1 3 2 5 4 5 2 3 5 1 1 4 5 9 4 4 3 4 2 6 2 3 1 4 3 3 7 2 4 2 3 1 3 3 0 4 5 2 2 3 2 0 2 8 4 5 3 3 2 1 2 5 2 3 4 4 4 0 5 1 4 4 2 2 5 1 0 3 5 3 3 3 4 4 3 5 4 2 3 3 8 1 3 1 5 1 4 2 1 4 3 3 2 3 7 2 5 4 2 3 1 9 2 1 5 4 2 2 3 2 3 4 6 4 4 3 3 3 2 4 2 1 4 5 1 5 1 4 3 3 6 6 2 4 2 4 1 1 6 0 5 3 3 3 6 2 6 3 1 1 4 3 5 2 1 1 0 3 1 3 2 1 5 2 1 4 3 2 1 0 4 1 5 2 6 3 3 6 2 3 2 2 0 4 1 5 3 3 6 4 4 4 2 2 4 2 3 5 3 3 7 3 5 5 4 5 1 4 4 1 1 4 5 1 8 1 4 5 2 3 2 4 2 5 1 3 3 7 1 5 2 4 1 5 2 2 6 6 6 4 3 2 4 1 5 4 1 4 3 3 7 6 3 2 4 3 5 6 2 4 4 2 2 4 0 6 2 1 3 5 4 5 1 1 12 13 11 10 12 11 8 13 14 13 11 13 13 8 10 15 13 12 20 9 11 14 9 13 15 16 8 8 14 9 11 19 10 19 9 16 10 16 14 10 9 21 11 7 7 10 15 7 17 21 11 20 13 15 8 8 16 12 12 23 17 7 15 12 9 18 10 18 10 16 18 13 9 10 13 11 14 16 8 15 18 15 9 13 13 4 15 12 15 9 14 12 11 11 19 14 16 11 14 11 20 15 12 22 8 13 10 14 15 10 10 11 17 10 20 12 20 19 14 17 11 16 11 6 11 17 19 9 17 20 10 17 15 19 16 9 17 14 14 5 11 11 15 11 10 10 18 11 15 15 11 18 14 14 17 10 11 20 18 20 14 11 7 20 20 12 7 12 4 15 12 12 13 13 16 16 19 12 11 12
-9998
1 1 1 1.07996 27991.5 27313.1 26863.2 -7867.05 0.256149 0.243387 0 0 0 0 0 -1 -1 -1 -1 -1 -1 -1 -1 -1 -1 -1 -1 -1 -1 -1 -1 -1 -1 -1 -1 -1 -1 -1 -1 -1 -1 -1 -1 -1 -1 -1 -1 -1 -1 -1
-9999 5 1 6 3 4 4 1 5 5 3 4 6 2 6 4 2 4 5 0 1 5 7 1 3 1 3 2 6 2 4 2 5 2 3 3 4 4 3 4 3 2 3 1 4 4 4 3 0 3 4 2 1 1 5 2 1 1 5 1 5 4 1 3 3 3 2 6 4 3 5 7 6 6 3 3 4 4 2 4 4 4 3 4 3 3 1 1 4 3 6 5 5 2 2 1 3 6 3 1 2 2 1 1 3 3 3 4 3 2 3 1 5 1 3 2 4 3 6 3 2 4 1 6 3 5 2 5 6 7 3 2 2 1 4 7 4 2 2 3 3 2 4 5 0 3 3 3 6 3 4 4 3 1 5 2 3 2 3 4 4 3 5 5 1 3 1 4 4 5 3 5 1 1 1 5 3 4 5 4 3 1 1 0 7 3 2 5 2 3 5 2 1 2 2 4 4 8 3 2 7 3 8 2 5 4 5 4 1 5 6 5 1 3 6 2 1 4 4 3 1 5 5 5 2 3 1 2 5 5 3 4 4 1 3 3 4 3 9 1 6 3 6 3 3 5 3 5 2 4 5 4 3 3 5 4 3 4 8 3 3 3 4 4 1 1 5 6 1 6 0 0 3 1 1 3 2 1 4 2 3 4 3 5 0 5 3 1 4 3 1 3 4 1 2 0 5 6 6 2 3 4 3 5 0 6 4 6 2 4 1 5 3 3 6 2 3 1 5 2 0 5 2 3 2 3 0 7 3 3 5 5 3 2 6 1 6 4 4 3 1 3 5 5 5 2 4 2 0 5 2 4 3 2 2 5 6 3 3 4 3 1 2 1 3 3 3 3 2 4 4 1 6 7 7 3 4 1 2 4 2 6 2 1 2 6 3 2 2 2 3 3 1 3 4 1 1 6 4 5 3 3 4 2 2 4 1 1 3 6 2 2 4 4 9 3 10 9 11 12 8 11 10 12 17 13 9 14 17 18 16 11 15 4 14 10 13 15 13 14 9 8 15 12 7 11 15 10 9 16 11 6 21 9 11 11 18 13 12 14 13 14 13 14 17 13 10 11 16 12 17 15 8 19 19 7 8 14 9 12 13 12 13 16 16 12 9 8 10 11 19 10 12 12 16 16 10 16 19 12 18 16 18 7 5 11 19 11 10 14 7 12 13 14 14 14 23 14 10 12 18 16 18 11 19 11 6 10 12 9 8 17 11 8 19 15 7 14 10 11 10 15 14 16 7 15 10 16 19 14 18 9 10 21 7 13 12 11 8 18 13 17 8 15 17 12 12 22 4 15 11 18 12 13 14 17 7 12 9 7 10 21 14 18 11 15 13 8 12 21 15 9 12 16 14 13
-9998
1 1 1 26.2506 33876.7 33844.5 -13846.2 -30917.8 0.181877 2.96405 0 0 0 0 132 -1 -1 -1 -1 -1 -1 -1 -1 -1 -1 -1 -1 -1 -1 -1 -1 -1 -1 -1 -1 -1 -1 -1 -1 -1 -1 -1 -1 -1 -1 -1 -1 -1 -1 -1
-9999 1 6 2 4 3 4 3 6 6 4 2 2 2 4 2 5 4 4 5 5 1 1 2 4 4 2 4 3 0 0 6 1 3 5 4 4 3 2 3 4 2 0 5 1 3 5 3 6 5 1 5 4 4 4 7 2 1 3 2 3 3 2 2 2 3 2 5 0 1 2 1 1 2 2 4 2 2 1 4 7 4 2 4 6 2 1 2 2 3 4 1 2 2 6 3 3 4 3 5 4 3 4 2 4 4 4 3 8 1 4 1 1 4 7 5 6 2 3 3 4 1 3 1 2 2 3 3 3 4 2 4 5 0 4 2 4 3 6 4 3 1 2 1 4 2 3 2 2 2 1 1 2 5 4 3 2 0 3 5 6 2 5 6 5 4 2 2 3 1 1 6 2 2 3 7 2 3 0 3 5 6 2 6 3 4 6 4 0 4 4 2 3 3 3 6 0 2 1 3 1 1 5 5 3 3 3 5 3 3 2 4 6 0 2 3 4 6 2 5 5 6 2 4 7 2 6 3 2 3 1 5 0 0 3 4 4 6 3 4 3 5 4 3 2 2 2 7 3 5 2 0 3 1 3 3 3 2 2 2 2 3 2 6 4 3 1 7 4 3 3 3 1 3 9 6 4 1 1 3 5 3 1 7 4 1 9 2 3 2 6 4 9 6 1 3 6 1 6 3 1 3 4 5 4 9 3 6 5 4 2 3 2 2 2 3 5 9 3 4 6 6 4 0 4 3 3 4 5 4 2 5 5 4 2 3 3 5 3 6 3 6 5 5 2 2 5 6 1 4 9 5 4 1 2 4 4 2 5 4 10 1 4 3 5 1 7 3 3 4 4 5 7 5 0 2 0 2 6 4 3 2 4 4 4 1 2 2 1 2 4 1 3 1 5 2 3 5 3 6 4 2 2 5 1 0 2 4 2 1 2 2 3 2 7 5 16 12 8 15 15 11 10 8 10 23 18 12 20 10 13 7 14 15 13 12 10 10 7 9 14 15 13 10 16 12 13 13 6 18 14 7 15 9 10 12 8 11 15 12 17 11 12 11 14 11 9 8 14 16 14 12 12 12 14 13 16 11 6 14 8 16 8 16 18 8 14 16 15 13 13 19 6 10 17 17 14 17 12 8 10 8 15 5 19 16 11 6 13 12 19 10 13 16 11 12 11 22 13 12 20 21 12 11 18 10 12 11 19 13 11 10 15 9 18 15 12 11 17 14 11 10 8 16 16 19 10 9 6 15 8 16 10 12 12 16 8 15 12 20 17 19 13 11 14 14 8 11 17 18 14 6 13 10 18 6 11 18 10 7 16 5 9 10 7 13 16 12 9 22 11 13 14 12 14 19
-9998
1 1 1 25.1563 30303.3 29295.8 6580.97 29580.1 0.259127 4.42948 0 0 0 0 48 -1 -1 -1 -1 -1 -1 -1 -1 -1 -1 -1 -1 -1 -1 -1 -1 -1 -1 -1 -1 -1 -1 -1 -1 -1 -1 -1 -1 -1 -1 -1 -1 -1 -1 -1
-9999 2 5 3 5 5 2 6 3 2 5 2 4 1 3 4 0 3 0 5 1 2 4 6 4 4 1 6 3 3 3 3 3 3 2 4 4 2 2 1 2 5 3 4 2 2 1 4 5 1 4 2 1 2 1 3 4 4 3 4 2 1 6 4 2 4 4 3 6 8 4 2 2 8 1 5 9 3 4 2 0 0 2 4 2 3 5 3 2 4 6 1 2 2 3 5 7 2 2 4 2 3 2 4 7 2 5 3 1 9 5 4 2 6 2 0 4 4 3 1 2 4 6 1 5 3 1 2 2 2 2 6 2 2 5 2 3 2 0 6 1 2 5 0 2 3 2 5 2 1 2 3 6 4 1 0 4 3 8 1 8 2 3 3 4 3 3 2 2 1 5 1 8 1 3 4 3 7 1 3 4 1 1 5 3 3 3 3 3 6 3 1 0 5 3 5 7 1 0 4 3 3 2 2 3 3 6 3 3 4 1 4 0 5 2 2 5 8 2 2 4 4 4 0 2 6 2 2 3 9 2 1 0 1 3 0 4 3 5 3 1 1 4 2 2 4 4 8 3 7 2 0 1 3 4 2 5 4 3 3 0 2 2 2 4 2 4 8 1 3 5 3 2 3 4 6 3 1 3 3 5 3 5 4 2 4 2 5 1 3 5 3 5 4 2 3 3 0 4 2 4 2 1 2 3 5 2 3 4 2 1 5 6 1 3 1 5 3 3 3 4 5 3 1 2 4 4 2 4 4 2 3 6 2 4 5 4 6 2 4 4 3 0 3 1 4 6 5 2 2 4 2 4 1 1 3 2 1 3 3 4 3 3 3 5 5 6 3 4 1 5 1 3 2 6 2 2 5 6 2 3 3 4 1 3 4 2 4 4 6 3 1 2 5 2 2 2 3 1 3 8 5 3 1 3 3 3 3 4 3 5 3 3 1 6 4 16 10 20 9 11 10 16 18 15 12 7 7 12 12 13 8 12 12 7 9 9 12 25 8 11 12 19 9 16 20 12 13 15 12 16 17 12 18 14 14 12 11 16 11 13 16 16 11 10 12 12 16 16 21 15 9 16 8 14 10 10 18 13 9 8 16 9 12 14 9 14 12 16 9 12 16 15 7 11 11 10 11 10 13 15 12 12 16 12 10 15 11 13 15 15 14 11 13 16 12 11 18 19 20 12 14 14 12 11 19 15 8 10 10 10 9 9 13 9 13 14 19 13 12 11 17 14 21 16 18 20 10 12 12 18 17 15 11 12 11 8 13 14 14 13 8 16 18 19 10 13 17 13 8 14 6 16 15 19 13 16 8 13 17 13 14 15 2 8 9 17 9 12 7 15 12 9 10 16 18
-9998
1 1 1 2.2369 7268.78 7201.56 5480.68 4774.65 0.197845 4.66717 0 0 0 0 35 -1 -1 -1 -1 -1 -1 -1 -1 -1 -1 -1 -1 -1 -1 -1 -1 -1 -1 -1 -1 -1 -1 -1 -1 -1 -1 -1 -1 -1 -1 -1 -1 -1 -1 -1
-9999 4 3 2 3 5 7 4 5 2 0 3 5 4 5 3 2 3 4 4 3 3 2 3 2 6 5 3 2 4 5 3 3 2 2 2 6 4 4 3 3 2 7 2 5 2 3 3 3 4 3 1 2 1 5 3 1 2 9 6 5 4 4 3 3 2 1 4 3 2 2 1 2 5 6 1 3 5 2 2 5 3 2 3 2 3 6 4 2 1 6 5 4 3 4 2 0 2 2 0 2 4 2 2 3 1 3 11 2 5 2 2 1 5 1 6 1 3 2 5 4 3 2 1 5 3 5 2 4 3 4 4 4 1 4 0 1 2 3 6 3 3 3 4 5 3 3 3 3 2 2 0 2 1 2 4 2 4 1 3 5 3 5 4 2 5 4 3 3 1 3 5 6 3 5 6 4 3 4 1 9 2 2 1 5 1 0 7 3 3 3 5 2 5 4 4 1 2 1 5 4 3 6 8 2 3 5 1 3 1 2 1 5 9 3 2 1 2 5 3 2 5 1 1 4 4 3 4 4 4 4 5 5 4 4 2 1 3 8 5 1 6 5 1 2 2 7 5 5 2 6 4 5 2 2 2 2 3 6 1 3 1 1 4 0 2 0 1 1 5 2 2 1 3 4 4 5 1 6 3 6 3 2 4 1 2 3 1 4 3 2 4 0 1 2 3 1 3 2 4 4 3 6 1 4 4 5 6 1 6 3 4 2 4 5 4 2 1 1 3 5 7 4 3 5 3 3 1 4 0 2 4 4 4 6 4 4 3 5 7 1 5 3 3 1 3 2 3 3 1 2 6 5 4 5 4 2 2 2 4 1 4 6 1 3 3 3 4 7 2 2 4 4 4 1 4 6 5 1 3 1 4 2 5 4 1 3 3 4 4 3 4 4 3 2 3 4 4 4 6 1 4 4 6 1 5 3 5 3 2 4 3 5 4 3 4 11 12 10 16 14 13 16 10 10 12 10 6 13 13 18 13 12 9 14 11 11 17 6 16 13 16 16 9 18 17 10 11 16 7 18 13 15 12 16 11 9 6 12 14 10 15 11 14 11 12 13 17 5 11 7 9 9 11 13 11 16 14 10 13 12 9 12 8 16 15 12 11 5 17 9 17 11 14 7 17 18 10 12 14 19 25 14 11 5 7 10 16 18 14 16 15 12 11 12 12 8 13 13 16 8 10 7 13 11 14 13 13 13 13 15 20 14 10 13 13 9 18 17 13 10 9 14 9 14 9 11 9 17 14 9 16 9 9 7 16 17 12 14 7 11 13 15 15 12 14 12 10 16 10 18 13 19 16 10 12 11 18 19 12 16 17 11 11 10 12 12 12 8 15 11 18 12 9 14 14
-9998
1 1 1 1.38317 10551.2 10042.3 -7969.36 6915.06 0.344732 2.85941 0 0 0 0 21 -1 -1 -1 -1 -1 -1 -1 -1 -1 -1 -1 -1 -1 -1 -1 -1 -1 -1 -1 -1 -1 -1 -1 -1 -1 -1 -1 -1 -1 -1 -1 -1 -1 -1 -1
-9999 4 6 3 2 3 7 5 5 4 4 3 5 0 4 1 6 3 5 3 4 3 1 4 1 6 3 4 3 4 2 1 4 3 1 5 4 4 8 3 6 1 3 6 2 3 2 4 4 3 4 5 2 4 4 6 1 3 3 3 0 1 4 4 6 3 3 2 1 2 6 4 2 1 7 5 1 6 6 5 3 2 0 6 7 3 5 1 4 2 3 2 1 2 3 3 2 3 2 6 5 2 4 8 4 3 3 6 2 3 3 0 2 6 2 5 3 3 6 5 8 3 3 6 2 5 3 3 2 3 2 4 6 4 6 2 3 6 5 0 3 2 2 5 1 3 2 6 4 5 4 4 4 4 4 5 2 4 5 1 2 4 4 4 6 2 1 3 1 2 4 2 5 4 2 3 4 3 2 3 1 1 3 1 7 2 3 2 4 2 3 2 3 3 6 4 5 3 4 1 5 2 2 3 6 4 7 4 0 5 2 3 5 4 5 6 2 5 3 4 1 2 2 3 3 5 2 2 5 4 2 4 4 7 1 0 6 5 5 2 6 5 3 1 3 5 5 2 4 2 3 3 4 3 2 5 2 2 2 3 6 6 5 5 2 3 2 2 0 4 2 4 3 4 4 3 3 2 4 2 4 3 4 5 1 1 4 3 4 8 6 0 5 5 2 1 2 2 6 3 3 2 2 2 5 4 3 3 3 6 7 2 4 6 2 2 1 3 4 4 0 4 4 3 6 7 3 3 4 7 4 4 5 8 1 1 4 2 4 6 5 3 5 1 6 3 4 5 0 3 3 5 1 3 5 4 1 2 3 3 2 5 7 6 3 4 3 2 6 2 2 3 1 2 4 5 2 1 1 4 5 2 2 2 3 3 4 3 5 2 6 4 3 2 2 4 3 4 2 2 4 0 7 2 4 3 8 4 5 7 1 3 3 1 9 1 10 15 13 14 9 19 18 16 11 15 17 8 12 15 9 9 14 10 20 11 11 11 14 9 16 14 8 11 12 17 14 9 13 19 13 8 13 12 25 19 9 8 11 15 15 13 13 14 9 7 9 11 18 14 7 9 11 11 9 14 14 12 10 12 7 8 12 15 10 12 9 15 11 14 14 11 3 10 7 14 11 10 18 16 18 14 14 11 18 8 9 15 13 13 19 10 8 11 14 14 12 13 17 11 8 7 9 10 9 17 10 17 14 14 8 7 16 5 16 13 9 11 15 10 11 11 19 11 7 12 8 10 11 10 11 12 14 10 12 16 12 19 7 13 19 16 11 17 9 14 8 13 15 15 12 15 11 23 6 13 19 11 11 11 12 16 10 11 12 20 13 22 9 13 8 17 12 19 17 10
-9998
1 2 1 224.474 27808.9 27505.4 -27118.6 6157.54 0.282093 1.90529 0 0 0 0 1136 -1 -1 -1 -1 -1 -1 -1 -1 -1 -1 -1 -1 -1 -1 -1 -1 -1 -1 -1 -1 -1 -1 -1 -1 -1 -1 -1 -1 -1 -1 -1 -1 -1 -1 -1
-9999 6 0 4 6 7 2 5 2 2 1 1 2 4 3 6 4 2 0 3 3 5 1 1 4 3 1 3 2 7 4 5 1 2 4 1 6 3 3 4 2 4 2 6 1 4 5 2 5 6 7 5 5 4 3 3 5 5 4 3 2 5 6 3 5 2 1 1 3 2 2 8 0 6 6 5 1 5 3 3 5 1 3 4 2 1 5 2 2 3 5 2 1 1 2 0 6 2 2 3 1 4 4 4 7 3 3 2 4 3 3 5 5 2 6 5 5 4 1 6 5 2 5 1 6 3 2 4 3 2 2 1 3 1 3 2 2 5 0 3 2 5 2 2 2 3 3 2 2 3 3 4 1 1 2 2 3 3 2 3 4 6 3 4 4 4 5 3 8 4 3 1 5 7 2 4 2 6 4 3 6 2 7 5 3 1 4 3 2 6 5 1 3 0 4 2 3 3 6 3 4 2 3 0 5 7 2 3 7 3 4 2 1 4 4 3 2 1 5 2 3 3 1 1 4 5 1 2 7 0 4 3 3 4 5 2 1 1 4 2 6 2 6 4 3 3 1 1 2 2 3 5 4 2 7 5 4 5 3 4 1 5 0 2 3 1 6 4 0 2 4 7 4 4 5 5 5 2 2 4 0 3 1 4 4 2 3 2 1 2 4 3 4 2 5 4 2 1 4 8 6 2 2 5 3 3 3 4 0 5 3 5 5 9 4 4 3 3 6 3 0 3 3 3 5 2 3 2 4 4 6 2 2 3 3 1 2 3 0 1 6 4 5 2 5 2 5 3 2 3 1 5 1 6 3 4 2 4 3 7 2 5 3 1 4 3 0 6 4 2 2 4 5 3 4 3 2 9 3 5 4 3 7 3 4 4 5 3 1 4 4 5 2 5 1 4 4 3 1 4 6 3 6 3 2 4 2 6 2 5 4 3 1 9 0 4 9 10 8 14 15 10 11 16 8 16 8 12 11 17 14 8 12 20 14 19 10 9 20 15 29 18 15 14 11 16 8 9 9 4 13 10 11 12 9 14 12 15 13 10 8 11 10 14 10 17 12 12 13 20 11 16 13 18 11 12 19 9 11 13 34 13 5 18 14 6 14 12 12 10 16 18 15 18 14 12 14 10 16 10 12 14 10 12 10 8 14 17 9 7 12 10 18 14 12 13 8 17 7 15 8 18 24 21 10 20 20 26 10 6 18 16 10 17 12 8 11 12 8 17 8 11 14 16 12 14 7 8 22 11 11 15 10 18 9 13 20 13 11 10 14 9 13 14 7 13 9 10 14 14 15 11 15 14 18 17 11 4 23 19 18 10 10 20 19 11 12 11 16 14 13 13 17 10 9 8
-9998
1 2 1 1.41062 19985.2 19602.4 -6822.26 -18784.7 0.223007 1.71593 0 0 0 0 0 -1 -1 -1 -1 -1 -1 -1 -1 -1 -1 -1 -1 -1 -1 -1 -1 -1 -1 -1 -1 -1 -1 -1 -1 -1 -1 -1 -1 -1 -1 -1 -1 -1 -1 -1
-9999 5 2 3 8 5 5 3 3 2 2 3 2 5 6 1 2 3 3 3 2 1 3 4 1 3 3 3 4 4 3 3 3 4 4 4 3 2 7 1 4 2 4 1 3 3 1 0 1 2 4 3 4 2 4 6 2 4 4 4 3 2 4 5 3 5 1 5 3 3 3 8 7 2 2 3 2 2 5 4 2 3 3 3 1 5 2 8 4 3 3 4 2 2 6 6 3 4 3 6 5 4 3 2 2 4 4 5 6 0 5 5 2 3 1 0 5 7 2 1 3 4 2 4 6 4 2 4 1 6 3 4 6 5 1 8 2 3 2 4 5 1 3 3 4 6 1 1 3 3 5 3 5 3 3 2 3 2 4 6 8 5 2 7 4 1 2 5 6 2 2 2 1 3 2 2 3 4 0 2 4 4 3 3 2 5 3 3 4 3 4 4 4 2 0 4 2 2 7 4 4 5 4 4 3 3 2 1 4 3 4 4 3 1 5 2 2 6 4 1 2 7 3 3 4 3 1 4 5 1 3 2 3 5 6 5 2 4 2 1 4 0 4 5 5 5 4 6 6 5 6 4 5 4 4 2 4 3 4 1 5 1 5 1 2 1 2 3 2 2 4 8 2 2 4 3 2 2 5 3 4 4 4 2 0 4 9 3 5 3 3 2 10 2 5 3 6 3 2 1 2 6 1 2 3 7 1 2 2 5 2 5 4 1 3 1 5 2 3 3 6 3 4 4 1 2 1 3 5 1 0 1 2 5 4 5 1 4 3 4 7 6 6 2 2 3 5 2 4 5 3 4 3 4 5 5 4 5 2 4 0 1 1 0 1 4 1 0 2 3 2 0 0 3 3 3 4 3 3 3 2 2 6 5 7 4 3 5 5 5 6 1 4 4 5 2 1 1 5 2 2 2 6 3 1 6 0 3 2 3 3 2 3 3 4 4 12 17 11 18 12 18 8 12 16 15 11 14 10 17 9 20 15 13 14 15 17 17 9 9 12 8 16 17 10 18 10 8 13 18 19 14 10 5 14 10 12 10 16 6 18 17 13 11 17 8 10 18 15 13 11 12 14 14 10 13 12 13 15 10 8 10 10 16 11 9 11 23 13 22 8 12 13 10 18 5 9 21 8 15 10 11 11 11 9 12 9 17 9 10 14 9 19 18 18 20 15 7 12 12 13 19 18 14 11 12 19 12 10 19 18 10 6 12 15 4 12 17 12 12 13 18 9 21 8 12 15 9 14 15 11 11 17 9 12 13 13 20 19 15 16 16 9 12 17 11 17 13 13 11 20 10 9 13 12 17 12 16 11 17 14 16 10 15 18 8 6 7 12 6 14 14 13 12 11 17
-9998
1 2 1 1.79279 28323.9 27836.7 28141.7 -3207.7 0.211507 3.52359 0 0 0 0 2 -1 -1 -1 -1 -1 -1 -1 -1 -1 -1 -1 -1 -1 -1 -1 -1 -1 -1 -1 -1 -1 -1 -1 -1 -1 -1 -1 -1 -1 -1 -1 -1 -1 -1 -1
-9999 3 3 5 3 2 4 5 5 1 2 1 3 3 5 4 4 5 2 4 2 3 2 5 4 3 2 3 1 1 2 4 1 2 9 2 5 4 0 3 2 1 2 6 5 2 4 1 3 2 2 5 4 2 7 6 2 2 8 3 5 3 3 2 3 2 4 5 2 4 6 5 1 4 1 6 1 1 3 2 3 3 2 3 6 2 2 5 3 3 2 0 1 1 3 3 2 1 11 4 7 2 3 6 3 2 4 4 2 0 8 4 2 2 2 4 3 4 5 3 7 4 6 5 4 3 4 1 6 7 5 2 6 3 5 3 3 3 4 2 4 1 2 6 1 4 2 3 2 1 3 3 3 6 3 3 5 2 4 5 1 2 2 5 4 4 1 3 3 5 7 6 0 4 7 1 2 1 4 2 3 3 3 3 2 3 2 5 3 2 3 3 2 8 8 6 2 3 2 2 4 1 5 2 3 7 4 3 5 6 1 6 8 5 1 1 4 7 4 4 0 5 5 6 4 3 2 1 1 2 2 5 3 2 2 4 2 1 5 2 5 5 0 4 4 4 2 3 1 2 1 2 2 5 2 1 7 1 4 1 2 3 6 3 4 1 2 7 5 7 6 3 1 2 0 8 2 0 10 3 1 2 1 3 6 2 1 2 2 5 4 2 1 2 4 5 8 6 1 1 0 2 2 1 1 3 6 1 2 3 5 2 4 3 3 0 3 6 4 6 1 1 4 4 5 2 2 0 4 4 0 7 1 7 7 2 3 5 7 2 0 5 4 3 3 6 5 3 5 4 1 3 2 1 3 3 1 4 3 4 2 5 2 7 3 1 4 3 6 1 2 3 0 4 2 3 6 3 3 2 0 3 3 5 6 4 7 7 1 7 3 0 2 5 5 7 2 3 1 2 2 1 5 3 6 2 5 4 1 2 3 6 2 5 8 3 6 13 12 9 10 8 18 12 17 14 15 21 20 16 9 12 15 12 8 23 15 21 8 14 16 18 14 19 13 21 7 10 13 14 19 13 11 17 17 13 24 17 21 9 8 12 15 16 15 9 16 10 14 19 11 22 16 16 8 14 8 13 16 19 11 8 19 14 12 9 12 13 16 12 3 15 20 13 10 17 9 19 14 10 14 14 6 9 19 13 12 9 15 17 11 12 13 12 15 16 16 10 13 15 11 15 15 15 15 9 16 11 20 18 14 14 9 18 14 14 14 13 16 10 16 8 12 9 11 10 17 9 14 12 16 18 14 10 6 9 14 17 13 15 9 4 11 10 15 12 13 12 18 10 12 15 17 12 20 11 16 11 13 19 16 15 9 7 15 13 16 7 10 13 17 16 11 11 16 18
-9998
1 2 1 2.0693 27333.1 27258 11569.1 -24764 0.18442 3.99427 0 0 0 0 16 -1 -1 -1 -1 -1 -1 -1 -1 -1 -1 -1 -1 -1 -1 -1 -1 -1 -1 -1 -1 -1 -1 -1 -1 -1 -1 -1 -1 -1 -1 -1 -1 -1 -1 -1
-9999 2 5 4 2 6 2 1 5 5 2 5 1 1 3 1 3 2 1 4 4 1 5 3 4 4 4 3 6 3 0 1 2 4 2 2 2 1 7 0 2 3 5 3 3 6 4 3 7 1 0 2 2 2 4 0 3 4 2 5 6 3 5 1 0 4 0 0 1 3 2 3 5 5 0 5 6 2 2 3 1 6 3 7 4 5 2 0 2 6 2 3 4 4 5 1 3 3 4 6 3 6 5 2 5 2 8 3 3 5 6 3 1 1 3 4 3 3 1 3 2 8 3 5 1 1 2 2 4 2 5 1 5 4 3 3 1 6 1 6 6 5 3 2 2 3 4 1 4 3 1 1 1 6 0 2 1 5 5 5 3 2 2 4 4 1 3 3 1 3 2 4 4 2 7 2 2 4 1 2 4 2 1 0 1 2 2 4 2 9 1 1 2 8 6 3 1 7 3 0 5 2 3 5 5 6 3 3 8 2 3 1 4 2 4 5 1 2 4 5 4 2 3 4 4 4 5 0 2 5 3 2 2 3 1 4 2 3 1 3 1 5 3 5 3 3 5 1 2 1 4 2 3 1 1 3 4 2 2 5 1 1 2 2 1 5 3 3 3 3 2 4 3 5 4 3 8 4 3 2 4 6 7 2 3 4 3 1 2 1 1 3 5 3 2 2 4 3 3 7 4 2 4 4 2 4 2 4 5 2 4 3 0 4 5 6 1 2 5 2 3 6 4 3 5 5 2 2 3 1 8 4 1 4 3 2 6 4 3 2 1 2 1 3 2 2 4 2 3 1 6 3 5 2 3 0 6 4 4 1 2 3 3 2 2 2 2 3 2 4 5 3 4 3 4 0 1 3 3 4 2 4 1 5 1 2 4 1 4 1 3 5 1 2 1 2 2 3 0 5 3 6 6 2 1 1 2 1 2 2 4 1 1 4 5 3 15 20 17 13 14 13 15 20 16 10 13 17 11 12 12 11 17 17 18 11 16 21 14 10 18 14 8 13 10 14 4 9 12 16 12 8 14 15 11 13 9 8 13 10 16 16 9 11 12 17 11 14 14 6 14 14 14 10 13 12 15 10 14 10 13 12 12 16 12 11 15 11 7 7 19 15 8 9 12 13 13 21 14 13 12 11 19 9 15 11 10 15 16 13 11 13 13 11 12 15 9 12 18 14 10 18 8 12 15 13 10 12 13 15 12 10 13 15 8 10 23 20 13 11 11 16 21 9 16 9 15 11 15 13 11 19 12 10 15 14 10 14 12 11 19 16 9 14 18 17 16 13 17 11 11 18 18 8 10 13 10 16 17 18 16 11 7 16 14 10 17 8 19 5 12 13 19 9 17 14
-9998
1 2 1 2.30315 25575.2 25184.5 -9935.73 23566.3 0.221464 1.31427 0 0 0 0 0 -1 -1 -1 -1 -1 -1 -1 -1 -1 -1 -1 -1 -1 -1 -1 -1 -1 -1 -1 -1 -1 -1 -1 -1 -1 -1 -1 -1 -1 -1 -1 -1 -1 -1 -1
-9999 3 2 3 7 5 0 3 4 3 3 1 4 4 1 6 3 0 6 3 1 4 4 8 8 1 5 5 2 6 6 1 5 3 4 6 7 3 4 4 0 5 3 1 2 5 1 2 3 1 2 3 2 4 4 4 5 7 5 0 0 2 3 4 4 4 5 2 1 4 4 3 4 1 2 5 5 3 5 4 4 2 1 1 4 3 2 4 5 2 4 3 1 2 9 3 4 4 3 3 6 1 1 5 4 3 3 1 2 2 3 1 2 5 2 5 3 1 2 8 3 6 0 2 4 2 6 3 3 4 4 2 2 0 3 6 7 6 3 2 1 4 3 2 4 5 5 0 3 6 1 4 3 3 1 5 4 1 4 8 2 2 2 7 3 2 2 3 3 3 7 4 2 5 3 7 2 2 5 4 2 3 3 1 2 1 4 3 4 5 2 2 4 5 2 3 2 4 4 5 3 2 2 3 4 5 2 2 3 2 2 2 3 1 4 2 3 5 4 5 0 6 5 3 4 2 1 1 3 1 2 0 4 2 3 4 0 3 2 3 7 7 4 1 4 2 1 3 3 5 2 3 3 4 3 3 3 3 1 2 7 3 7 5 4 3 1 2 2 4 3 1 2 1 3 2 2 4 1 3 8 2 2 1 3 2 2 2 4 2 1 2 6 1 6 2 1 6 0 1 3 3 2 3 0 1 2 4 2 5 2 5 5 1 1 4 4 5 3 1 1 3 2 4 3 2 0 6 3 4 2 3 4 3 6 3 4 5 2 7 4 4 2 0 5 0 3 1 4 4 2 1 5 2 2 5 3 1 4 5 4 5 6 1 3 5 5 6 3 2 3 6 8 2 3 3 5 0 3 8 2 2 0 5 3 4 4 7 1 0 6 9 6 4 8 1 3 7 5 3 0 2 2 4 1 5 6 2 4 4 3 2 3 3 3 6 8 14 16 11 8 12 15 12 11 8 17 13 10 12 8 16 9 8 14 13 14 11 9 12 11 9 12 16 14 12 14 8 19 13 10 11 13 14 10 15 25 8 18 12 16 11 13 11 10 9 11 18 13 11 16 9 8 16 13 18 11 16 16 5 13 16 10 10 11 17 13 9 12 10 13 11 11 16 13 17 14 12 10 14 14 12 14 10 13 5 15 15 15 11 15 13 10 16 13 11 9 9 16 15 15 11 9 14 15 12 10 17 13 17 17 9 20 17 9 13 14 23 8 18 10 10 19 9 11 11 12 14 19 14 17 13 16 11 9 17 16 11 25 20 12 13 18 16 12 6 14 11 11 10 9 9 16 15 13 16 15 12 14 13 17 5 16 11 11 15 11 11 11 12 20 9 12 9 9 13
-9998
1 2 1 7.51895 29303.8 29300.5 29077.5 3634.02 0.263804 4.89369 0.000345267 0 0 0 11 -1 -1 -1 -1 -1 -1 -1 -1 -1 -1 -1 -1 -1 -1 -1 -1 -1 -1 -1 -1 -1 -1 -1 -1 -1 -1 -1 -1 -1 -1 -1 -1 -1 -1 -1
-9999 1 1 3 2 3 5 1 4 3 3 2 3 2 3 5 1 2 3 1 1 2 4 4 3 1 7 2 6 7 3 2 2 2 3 2 3 4 1 6 1 4 6 4 4 5 4 4 2 8 3 5 4 3 7 3 3 2 2 5 4 3 3 3 3 3 2 3 3 3 3 6 2 4 1 8 2 2 3 3 6 4 3 4 3 10 6 3 5 5 2 3 1 4 3 7 3 1 4 3 3 6 2 2 1 4 3 2 3 1 3 4 6 5 3 6 5 7 3 2 1 4 1 2 3 0 3 3 3 3 4 2 3 0 1 1 4 2 2 5 5 3 1 2 0 2 0 3 5 4 7 4 2 3 4 2 2 7 4 4 2 2 5 2 1 1 4 1 2 4 3 5 3 0 2 2 3 0 1 7 8 3 3 1 4 7 2 1 3 2 6 4 1 2 2 3 1 3 3 3 1 2 1 3 4 7 4 2 3 3 6 1 3 2 3 7 3 1 2 5 5 1 4 5 3 2 2 1 3 5 6 2 6 2 2 2 3 4 2 2 1 1 1 5 5 0 3 4 4 0 4 1 3 5 2 4 3 6 1 4 0 3 5 2 2 2 2 0 4 1 5 5 4 2 5 0 2 6 3 4 2 5 7 2 1 5 2 2 3 2 1 5 6 2 2 2 3 1 4 2 3 4 4 1 0 3 7 5 2 4 1 1 4 2 2 3 2 2 3 6 5 4 4 3 2 2 7 2 5 1 3 3 6 5 4 5 6 6 2 3 5 5 3 0 2 2 3 2 3 3 5 4 2 6 3 4 2 3 4 7 6 2 2 5 3 4 1 1 4 4 0 2 4 2 2 5 4 1 1 4 6 3 2 3 3 2 2 3 0 2 5 3 4 2 4 2 4 3 9 3 7 4 6 2 4 2 8 2 5 0 1 5 3 3 0 4 12 15 12 13 19 4 8 19 10 15 7 11 10 13 17 14 14 13 9 8 10 19 14 18 13 19 13 10 14 13 11 18 11 7 18 8 11 9 13 14 13 16 20 13 4 14 11 6 14 8 13 14 13 7 15 15 14 12 10 14 11 10 15 12 10 10 10 11 19 10 7 13 9 8 14 16 13 16 14 11 14 12 17 11 12 11 14 13 15 9 21 6 15 18 17 12 22 13 15 11 17 13 13 18 9 13 13 15 12 12 18 16 12 9 9 16 13 8 13 15 15 16 13 10 6 8 16 11 10 16 14 15 12 13 9 11 9 21 16 7 18 9 15 9 5 16 13 8 11 13 17 21 16 16 9 10 15 17 13 12 13 9 13 11 9 12 5 12 21 16 10 8 17 14 18 10 12 9 4 15
-9998
1 2 1 3.52386 25667 25377.5 15870 20172.7 0.223984 3.21498 0 0 0 0 4 -1 -1 -1 -1 -1 -1 -1 -1 -1 -1 -1 -1 -1 -1 -1 -1 -1 -1 -1 -1 -1 -1 -1 -1 -1 -1 -1 -1 -1 -1 -1 -1 -1 -1 -1
-9999 5 4 2 2 3 4 3 5 1 4 5 4 3 3 4 7 2 4 1 3 6 0 1 2 7 1 1 3 3 4 4 2 4 6 0 4 5 4 7 3 5 2 4 2 3 4 0 0 3 2 2 2 1 2 4 5 1 6 5 3 0 3 6 1 1 2 2 2 3 1 4 4 1 4 4 2 6 3 3 0 4 3 1 3 5 5 2 4 1 2 3 2 4 5 4 7 7 5 4 4 2 5 3 7 4 4 1 1 10 4 2 4 1 4 3 7 3 2 0 6 3 6 2 5 2 1 1 0 2 5 4 3 2 2 1 2 6 0 3 2 2 4 3 0 6 5 5 3 3 2 3 0 3 2 2 2 3 5 3 3 2 1 2 1 4 3 1 2 1 4 2 2 3 1 4 3 4 2 4 0 3 4 2 5 1 3 2 7 3 5 2 3 6 2 4 2 2 3 4 3 4 4 6 3 0 3 2 2 2 3 7 2 4 5 2 2 1 2 2 4 2 1 3 5 0 1 5 0 1 4 4 4 3 1 2 4 0 4 1 2 3 3 3 6 3 5 3 4 2 1 5 2 1 1 4 1 5 6 2 2 0 2 3 3 3 1 3 4 6 4 3 2 3 5 4 2 6 3 3 2 5 3 1 3 2 6 2 2 3 5 5 0 6 2 3 3 6 3 1 0 3 7 3 2 4 1 1 5 5 2 4 5 6 2 3 7 1 1 4 2 5 1 2 0 4 6 4 3 6 1 1 5 4 4 3 1 3 1 2 4 6 2 3 0 8 2 1 2 4 3 4 4 0 2 4 5 7 3 2 2 5 3 1 5 1 3 2 2 3 1 1 2 1 3 1 3 4 4 4 4 1 3 4 4 2 2 2 2 0 8 3 6 5 1 5 3 5 1 1 2 9 2 4 1 3 2 3 2 3 1 5 2 5 4 2 8 19 15 13 14 15 11 10 14 13 7 13 16 13 11 18 10 12 7 11 18 12 10 15 9 15 15 8 8 12 10 14 18 16 12 7 13 10 18 11 18 12 15 7 14 14 11 16 11 11 14 16 13 15 17 18 15 10 13 15 13 8 11 21 6 16 16 6 9 12 11 15 13 12 11 13 14 9 10 12 14 10 13 11 18 13 13 12 17 16 14 10 13 10 12 21 13 14 9 17 8 17 16 13 9 9 13 12 15 10 13 16 12 17 13 14 15 11 10 15 18 11 12 19 8 12 15 15 13 16 11 11 12 8 13 9 14 16 16 13 18 19 14 12 10 17 16 11 7 6 19 9 10 15 7 11 13 11 16 16 17 8 4 7 14 10 10 16 11 19 8 17 12 10 19 9 19 16 12 11
-9998
1 2 1 97.6985 24645.9 24354.8 22063.2 10983.5 0.216921 5.96671 0 0 0 0 657 -1 -1 -1 -1 -1 -1 -1 -1 -1 -1 -1 -1 -1 -1 -1 -1 -1 -1 -1 -1 -1 -1 -1 -1 -1 -1 -1 -1 -1 -1 -1 -1 -1 -1 -1
-9999 4 6 4 4 3 6 1 3 3 2 4 0 2 5 4 2 1 3 1 6 3 4 1 2 3 3 4 0 1 1 8 4 3 2 5 4 3 2 3 2 2 3 2 2 6 4 3 4 7 4 3 2 4 1 1 2 3 0 2 5 5 6 1 7 3 4 2 5 4 3 5 1 0 2 3 3 2 4 2 5 5 2 1 7 1 4 2 3 2 3 3 2 6 2 2 4 2 7 6 3 5 3 4 6 2 3 8 1 0 4 3 0 0 3 2 1 4 2 5 2 3 3 2 6 5 0 1 5 1 3 2 4 4 6 3 4 1 0 2 5 1 5 1 1 4 3 1 2 3 5 4 1 4 1 2 1 5 2 4 5 4 2 2 3 3 3 3 3 1 2 0 2 1 6 0 3 1 4 3 2 3 4 3 5 3 3 1 3 5 4 3 4 5 6 4 3 2 1 2 5 5 5 4 1 3 4 5 3 1 5 5 2 4 2 1 4 2 4 0 2 5 5 5 3 0 3 6 2 5 3 0 4 3 7 5 0 2 4 4 3 6 5 1 4 4 3 4 3 6 3 4 6 3 0 5 3 3 1 4 5 1 1 4 3 1 4 1 1 5 6 1 2 2 1 3 2 1 5 2 4 3 0 2 4 4 7 6 2 2 2 3 3 2 1 4 6 3 1 2 1 4 1 4 3 2 4 0 6 8 3 2 4 7 4 6 6 6 6 1 5 2 0 2 4 2 3 1 1 5 3 3 1 5 1 1 4 5 2 4 4 1 6 4 4 4 4 5 8 1 4 2 1 2 1 7 4 4 3 1 5 3 2 3 2 5 5 5 3 1 0 6 7 6 2 3 3 2 3 1 4 3 3 1 3 2 2 6 3 7 1 1 3 4 6 5 1 2 1 4 3 5 3 2 6 6 2 1 1 7 5 3 5 5 4 8 13 19 16 16 17 9 12 14 9 18 8 10 12 7 11 12 15 8 11 20 11 20 32 9 11 10 19 12 11 12 13 7 8 12 13 11 12 13 5 8 11 19 11 17 9 15 16 9 16 13 11 14 7 11 15 16 9 12 12 19 17 40 27 14 14 15 10 12 9 16 10 11 15 18 11 8 17 17 15 14 16 11 15 16 12 16 13 9 13 10 11 13 12 8 11 14 13 13 15 13 14 13 14 14 18 15 28 31 20 21 10 14 11 11 16 18 14 10 12 6 9 13 12 18 14 21 14 10 8 11 17 12 9 21 16 9 15 5 14 11 14 17 14 5 16 7 15 18 11 13 14 11 10 16 12 12 14 14 19 29 25 10 10 21 13 9 12 12 10 9 8 13 13 10 10 12 8 23 8 18
-9998
1 2 1 9.3605 33845.9 33282.1 -33206.2 -6549.53 0.239131 5.78196 0 0 0 0 11 -1 -1 -1 -1 -1 -1 -1 -1 -1 -1 -1 -1 -1 -1 -1 -1 -1 -1 -1 -1 -1 -1 -1 -1 -1 -1 -1 -1 -1 -1 -1 -1 -1 -1 -1
-9999 1 4 3 0 3 4 5 2 2 9 4 4 3 3 4 1 5 1 3 1 1 1 7 5 2 4 2 5 4 2 3 4 5 1 4 5 3 3 2 5 3 4 2 0 3 4 3 2 4 1 4 5 3 3 2 5 4 6 4 5 1 4 1 10 1 3 2 2 5 3 2 2 1 3 4 5 6 3 5 1 2 3 7 2 7 1 3 1 4 0 2 3 1 4 2 4 2 4 3 4 3 3 2 2 5 5 2 2 1 3 6 1 5 8 2 7 5 5 4 1 3 5 4 4 3 4 4 9 2 4 2 4 5 7 4 3 7 4 5 4 4 3 2 2 3 2 5 2 6 2 4 5 3 4 2 5 1 1 3 1 1 4 4 2 3 5 2 3 1 2 1 1 2 0 3 3 4 6 4 4 2 4 3 1 3 2 4 6 4 1 4 7 3 6 10 4 2 4 7 3 3 2 6 7 1 5 5 2 3 2 4 1 5 4 2 3 2 5 4 3 5 0 4 0 4 1 3 4 5 1 2 6 2 1 1 2 2 2 5 4 4 3 4 6 4 3 3 7 4 4 6 2 4 2 3 2 2 6 4 3 4 2 3 3 2 1 3 3 3 3 3 4 2 4 6 5 5 0 1 1 5 1 2 1 1 1 2 2 3 2 6 4 2 3 5 3 1 5 2 4 4 0 1 5 5 2 2 5 0 3 2 5 1 2 2 5 3 2 4 4 1 1 5 1 4 0 2 2 2 1 4 3 3 6 5 4 1 3 0 6 9 3 6 3 6 3 4 4 2 5 6 4 3 4 3 2 4 3 6 3 2 4 2 5 4 5 0 1 2 1 3 2 5 4 3 2 6 2 1 3 4 4 4 4 3 5 4 4 0 2 1 5 2 3 5 2 2 5 2 2 1 0 2 3 8 3 4 2 3 2 4 1 2 2 4 12 14 10 16 13 12 11 10 12 15 12 19 17 7 17 17 12 16 14 15 14 12 14 18 13 15 9 6 10 10 11 15 6 13 9 9 8 10 15 12 9 11 11 11 15 9 13 8 14 15 16 14 12 10 14 9 8 12 18 10 12 21 16 16 10 10 16 13 12 18 13 13 14 19 7 11 20 13 8 16 12 11 9 12 19 7 10 11 11 16 12 16 14 8 14 8 5 12 11 14 20 11 17 14 11 15 18 8 13 9 12 13 13 9 11 15 13 19 11 11 14 20 10 12 10 13 13 12 20 10 12 12 10 14 11 18 23 18 14 17 13 12 12 8 10 7 19 12 13 9 13 7 17 16 13 15 12 7 16 13 14 17 14 12 10 9 11 13 7 18 18 10 14 9 8 17 15 17 10 11
-9998
1 2 1 1.57345 10642.5 10340.5 -8309.21 6649.79 0.239077 5.65474 0 0 0 0 0 -1 -1 -1 -1 -1 -1 -1 -1 -1 -1 -1 -1 -1 -1 -1 -1 -1 -1 -1 -1 -1 -1 -1 -1 -1 -1 -1 -1 -1 -1 -1 -1 -1 -1 -1
-9999 1 6 3 2 4 1 4 4 5 4 4 3 3 5 2 8 3 8 3 3 6 4 3 2 4 2 4 1 1 5 0 6 5 3 3 4 1 1 4 3 4 5 4 2 5 3 3 2 4 2 2 4 2 1 7 2 3 7 2 5 2 1 6 3 7 3 3 3 2 2 1 0 2 1 1 5 5 2 3 4 3 2 4 4 5 2 3 1 6 3 2 4 0 3 2 6 3 3 2 2 4 1 5 5 3 7 3 3 1 4 4 5 3 0 2 4 1 8 1 1 4 4 2 3 0 8 3 1 3 2 5 4 2 1 3 3 5 3 3 5 3 3 4 3 5 8 5 3 3 3 2 5 0 3 5 4 2 3 3 4 4 6 6 4 3 2 3 2 3 2 3 5 3 4 5 3 1 5 1 2 7 8 2 4 4 1 1 6 6 6 4 2 5 2 3 1 6 1 3 2 3 5 1 2 5 4 5 2 3 3 2 2 4 2 3 6 2 1 2 5 4 5 7 4 3 2 5 5 2 5 2 3 3 2 3 3 4 3 2 3 0 0 2 1 5 2 3 3 7 0 2 2 2 3 2 2 5 2 3 4 1 1 2 3 1 2 4 5 4 3 3 5 4 3 3 5 1 5 3 2 6 4 1 6 2 4 4 2 1 3 4 5 2 1 4 5 2 3 4 1 2 5 3 1 2 2 5 4 5 2 4 6 5 3 6 5 4 0 7 7 4 5 4 5 7 2 4 2 7 3 6 1 4 4 7 2 4 6 5 5 2 2 1 7 2 2 2 4 1 4 2 2 6 1 1 2 3 3 5 6 4 5 1 1 3 5 0 5 2 5 2 2 2 4 2 5 6 3 1 1 3 2 3 0 4 2 0 2 2 1 2 2 3 1 4 4 1 2 5 7 6 1 1 2 2 3 5 1 2 2 1 3 3 2 3 14 15 7 11 11 6 11 12 16 19 11 14 10 13 10 10 13 10 12 9 12 5 19 19 17 16 13 8 11 10 13 11 11 12 9 13 16 11 12 14 17 13 8 10 11 16 7 8 13 16 16 12 9 15 17 13 10 17 18 14 9 11 16 10 7 8 8 10 19 9 9 12 15 10 6 9 15 17 13 10 16 14 11 12 8 16 13 10 12 12 9 11 7 16 15 11 18 16 10 12 13 16 14 10 13 13 9 10 11 13 8 9 14 9 9 8 8 20 11 16 11 10 12 7 13 15 11 15 12 15 12 12 11 18 10 16 12 8 16 13 12 13 11 12 14 9 13 6 16 16 10 20 15 10 12 14 14 9 11 17 9 11 11 20 7 8 15 9 17 16 14 15 13 13 18 15 16 10 15 12
-9998
1 3 1 13.5493 23826.9 23651.3 23743.8 1988.29 0.312285 1.2489 0 0 0 0 166 -1 -1 -1 -1 -1 -1 -1 -1 -1 -1 -1 -1 -1 -1 -1 -1 -1 -1 -1 -1 -1 -1 -1 -1 -1 -1 -1 -1 -1 -1 -1 -1 -1 -1 -1
-9999 4 5 2 2 4 4 7 3 3 4 5 4 1 4 2 2 4 5 5 2 7 5 5 0 2 2 2 6 3 3 3 2 4 4 1 1 8 0 3 4 4 3 1 3 3 3 5 4 3 3 3 2 2 6 3 3 2 4 2 2 0 4 6 6 2 1 4 3 3 5 5 5 3 4 5 4 5 3 5 2 3 6 2 2 1 4 4 4 5 5 3 0 3 3 1 3 2 8 5 5 1 1 6 4 2 4 1 4 4 2 2 4 2 3 3 5 8 2 3 0 5 4 4 4 4 7 2 1 4 6 2 2 1 2 3 3 1 1 2 1 3 2 1 3 5 5 5 5 4 4 4 5 2 4 5 3 1 4 5 5 5 6 2 2 0 3 4 2 2 4 3 2 3 0 3 3 2 3 2 5 5 6 1 3 1 1 2 5 3 2 4 3 2 1 7 4 1 3 4 4 1 4 2 3 3 1 4 3 5 2 2 1 1 1 2 2 4 5 1 6 3 1 5 2 5 6 4 4 8 2 2 1 2 3 4 2 6 3 2 6 4 4 3 1 2 0 2 2 6 3 1 3 2 1 5 10 3 1 5 1 5 3 7 4 4 4 0 7 1 2 4 4 0 0 5 2 2 5 4 2 6 3 1 1 4 4 5 5 2 5 3 5 4 3 4 1 5 5 3 1 4 1 1 4 4 9 5 2 4 6 2 2 2 6 3 2 2 2 0 3 2 5 2 4 5 0 3 3 2 4 9 2 3 3 2 3 3 3 1 1 4 1 5 1 3 3 5 2 5 2 4 1 2 1 1 2 2 5 5 8 4 5 3 2 4 2 2 5 5 2 1 1 7 5 1 0 4 2 2 2 1 2 5 4 4 1 3 4 2 3 4 3 3 3 4 8 4 3 5 4 6 4 3 4 5 5 1 7 2 1 4 7 6 1 4 6 22 16 9 5 13 16 12 11 19 11 10 13 10 16 7 8 10 11 11 16 12 15 19 13 9 16 15 16 13 15 9 14 14 17 11 14 16 16 12 9 10 17 11 14 17 17 6 15 15 13 10 10 11 22 13 11 15 9 11 16 23 18 14 15 10 12 18 14 17 8 12 8 8 15 7 20 13 20 15 11 9 17 15 17 17 18 19 8 17 14 14 25 35 12 16 18 9 11 11 18 15 8 10 12 13 13 18 15 15 12 14 15 17 8 17 13 14 10 7 13 10 19 15 7 11 5 12 14 12 12 15 12 5 12 16 13 12 15 12 17 18 20 10 11 15 11 12 16 13 15 9 18 16 10 9 10 15 17 20 15 18 10 11 15 11 14 6 15 19 15 13 12 8 14 12 12 12 19 9
-9998
