1.1 4.63923
1.15128 4.74494
1.20256 4.85675
1.25385 4.95391
1.30513 5.03793
1.35641 5.10919
1.40769 5.16606
1.45897 5.20747
1.51026 5.23326
1.56154 5.24374
1.61282 5.23942
1.6641 5.22105
1.71538 5.18962
1.76667 5.14628
1.81795 5.09227
1.86923 5.02889
1.92051 4.95746
1.97179 4.87934
2.02308 4.7958
2.07436 4.70803
2.12564 4.61713
2.17692 4.5241
2.22821 4.42982
2.27949 4.33503
2.33077 4.24029
2.38205 4.14603
2.43333 4.05253
2.48462 3.95997
2.5359 3.86837
2.58718 3.77759
2.63846 3.68738
2.68974 3.5975
2.74103 3.50775
2.79231 3.4178
2.84359 3.32723
2.89487 3.23584
2.94615 3.14378
2.99744 3.05011
3.04872 2.95244
3.1 2.86146
