0.01 100000
0.0125893 63095.7
0.0158489 39810.7
0.0199526 25118.9
0.0251189 15848.9
0.0316228 10000
0.0398107 6309.57
0.0501187 3981.07
0.0630957 2511.89
0.0794328 1584.89
0.1 1000
0.125893 630.957
0.158489 398.107
0.199526 251.189
0.251189 158.489
0.316228 100
0.398107 63.0957
0.501187 39.8107
0.630957 25.1189
0.794328 15.8489
1 10
1.25893 6.30957
1.58489 3.98107
1.99526 2.51189
2.51189 1.58489
3.16228 1
3.98107 0.630957
5.01187 0.398107
6.30957 0.251189
7.94328 0.158489
