P3
# Palette  Blues4 , J C Gonzalez, 2000
1 64
255
  0   0  99
  3   3 101
  7   7 103
 11  11 106
 15  15 108
 19  19 111
 23  23 113
 27  27 116
 31  31 118
 35  35 120
 39  39 123
 43  43 125
 47  47 128
 51  51 130
 55  55 133
 59  59 135
 63  63 137
 67  67 140
 71  71 142
 75  75 145
 79  79 147
 83  83 150
 87  87 152
 91  91 155
 95  95 157
 99  99 159
103 103 162
107 107 164
111 111 167
115 115 169
119 119 172
123 123 174
127 127 176
131 131 179
135 135 181
139 139 184
143 143 186
147 147 189
151 151 191
155 155 194
159 159 196
163 163 198
167 167 201
171 171 203
175 175 206
179 179 208
183 183 211
187 187 213
191 191 215
195 195 218
199 199 220
203 203 223
207 207 225
211 211 228
215 215 230
219 219 233
223 223 235
227 227 237
231 231 240
235 235 242
239 239 245
243 243 247
247 247 250
251 251 252
#EOF
