  1      0      0    0.00000    0.00000
  2      1      0    1.00000    0.00000
  3      0      1    0.50000    0.86603
  4     -1      1   -0.50000    0.86603
  5     -1      0   -1.00000    0.00000
  6      0     -1   -0.50000   -0.86603
  7      1     -1    0.50000   -0.86603
  8      2      0    2.00000    0.00000
  9      1      1    1.50000    0.86603
 10      0      2    1.00000    1.73205
 11     -1      2    0.00000    1.73205
 12     -2      2   -1.00000    1.73205
 13     -2      1   -1.50000    0.86603
 14     -2      0   -2.00000    0.00000
 15     -1     -1   -1.50000   -0.86603
 16      0     -2   -1.00000   -1.73205
 17      1     -2    0.00000   -1.73205
 18      2     -2    1.00000   -1.73205
 19      2     -1    1.50000   -0.86603
 20      3      0    3.00000    0.00000
 21      2      1    2.50000    0.86603
 22      1      2    2.00000    1.73205
 23      0      3    1.50000    2.59808
 24     -1      3    0.50000    2.59808
 25     -2      3   -0.50000    2.59808
 26     -3      3   -1.50000    2.59808
 27     -3      2   -2.00000    1.73205
 28     -3      1   -2.50000    0.86603
 29     -3      0   -3.00000    0.00000
 30     -2     -1   -2.50000   -0.86603
 31     -1     -2   -2.00000   -1.73205
 32      0     -3   -1.50000   -2.59808
 33      1     -3   -0.50000   -2.59808
 34      2     -3    0.50000   -2.59808
 35      3     -3    1.50000   -2.59808
 36      3     -2    2.00000   -1.73205
 37      3     -1    2.50000   -0.86603
 38      4      0    4.00000    0.00000
 39      3      1    3.50000    0.86603
 40      2      2    3.00000    1.73205
 41      1      3    2.50000    2.59808
 42      0      4    2.00000    3.46410
 43     -1      4    1.00000    3.46410
 44     -2      4    0.00000    3.46410
 45     -3      4   -1.00000    3.46410
 46     -4      4   -2.00000    3.46410
 47     -4      3   -2.50000    2.59808
 48     -4      2   -3.00000    1.73205
 49     -4      1   -3.50000    0.86603
 50     -4      0   -4.00000    0.00000
 51     -3     -1   -3.50000   -0.86603
 52     -2     -2   -3.00000   -1.73205
 53     -1     -3   -2.50000   -2.59808
 54      0     -4   -2.00000   -3.46410
 55      1     -4   -1.00000   -3.46410
 56      2     -4    0.00000   -3.46410
 57      3     -4    1.00000   -3.46410
 58      4     -4    2.00000   -3.46410
 59      4     -3    2.50000   -2.59808
 60      4     -2    3.00000   -1.73205
 61      4     -1    3.50000   -0.86603
 62      5      0    5.00000    0.00000
 63      4      1    4.50000    0.86603
 64      3      2    4.00000    1.73205
 65      2      3    3.50000    2.59808
 66      1      4    3.00000    3.46410
 67      0      5    2.50000    4.33013
 68     -1      5    1.50000    4.33013
 69     -2      5    0.50000    4.33013
 70     -3      5   -0.50000    4.33013
 71     -4      5   -1.50000    4.33013
 72     -5      5   -2.50000    4.33013
 73     -5      4   -3.00000    3.46410
 74     -5      3   -3.50000    2.59808
 75     -5      2   -4.00000    1.73205
 76     -5      1   -4.50000    0.86603
 77     -5      0   -5.00000    0.00000
 78     -4     -1   -4.50000   -0.86603
 79     -3     -2   -4.00000   -1.73205
 80     -2     -3   -3.50000   -2.59808
 81     -1     -4   -3.00000   -3.46410
 82      0     -5   -2.50000   -4.33013
 83      1     -5   -1.50000   -4.33013
 84      2     -5   -0.50000   -4.33013
 85      3     -5    0.50000   -4.33013
 86      4     -5    1.50000   -4.33013
 87      5     -5    2.50000   -4.33013
 88      5     -4    3.00000   -3.46410
 89      5     -3    3.50000   -2.59808
 90      5     -2    4.00000   -1.73205
 91      5     -1    4.50000   -0.86603
 92      6      0    6.00000    0.00000
 93      5      1    5.50000    0.86603
 94      4      2    5.00000    1.73205
 95      3      3    4.50000    2.59808
 96      2      4    4.00000    3.46410
 97      1      5    3.50000    4.33013
 98      0      6    3.00000    5.19617
 99     -1      6    2.00000    5.19617
100     -2      6    1.00000    5.19617
101     -3      6    0.00000    5.19617
102     -4      6   -1.00000    5.19617
103     -5      6   -2.00000    5.19617
104     -6      6   -3.00000    5.19617
105     -6      5   -3.50000    4.33013
106     -6      4   -4.00000    3.46410
107     -6      3   -4.50000    2.59808
108     -6      2   -5.00000    1.73205
109     -6      1   -5.50000    0.86603
110     -6      0   -6.00000    0.00000
111     -5     -1   -5.50000   -0.86603
112     -4     -2   -5.00000   -1.73205
113     -3     -3   -4.50000   -2.59808
114     -2     -4   -4.00000   -3.46410
115     -1     -5   -3.50000   -4.33013
116      0     -6   -3.00000   -5.19617
117      1     -6   -2.00000   -5.19617
118      2     -6   -1.00000   -5.19617
119      3     -6    0.00000   -5.19617
120      4     -6    1.00000   -5.19617
121      5     -6    2.00000   -5.19617
122      6     -6    3.00000   -5.19617
123      6     -5    3.50000   -4.33013
124      6     -4    4.00000   -3.46410
125      6     -3    4.50000   -2.59808
126      6     -2    5.00000   -1.73205
127      6     -1    5.50000   -0.86603
128      7      0    7.00000    0.00000
129      6      1    6.50000    0.86603
130      5      2    6.00000    1.73205
131      4      3    5.50000    2.59808
132      3      4    5.00000    3.46410
133      2      5    4.50000    4.33013
134      1      6    4.00000    5.19617
135      0      7    3.50000    6.06217
136     -1      7    2.50000    6.06217
137     -2      7    1.50000    6.06217
138     -3      7    0.50000    6.06217
139     -4      7   -0.50000    6.06217
140     -5      7   -1.50000    6.06217
141     -6      7   -2.50000    6.06217
142     -7      7   -3.50000    6.06217
143     -7      6   -4.00000    5.19617
144     -7      5   -4.50000    4.33013
145     -7      4   -5.00000    3.46410
146     -7      3   -5.50000    2.59808
147     -7      2   -6.00000    1.73205
148     -7      1   -6.50000    0.86603
149     -7      0   -7.00000    0.00000
150     -6     -1   -6.50000   -0.86603
151     -5     -2   -6.00000   -1.73205
152     -4     -3   -5.50000   -2.59808
153     -3     -4   -5.00000   -3.46410
154     -2     -5   -4.50000   -4.33013
155     -1     -6   -4.00000   -5.19617
156      0     -7   -3.50000   -6.06217
157      1     -7   -2.50000   -6.06217
158      2     -7   -1.50000   -6.06217
159      3     -7   -0.50000   -6.06217
160      4     -7    0.50000   -6.06217
161      5     -7    1.50000   -6.06217
162      6     -7    2.50000   -6.06217
163      7     -7    3.50000   -6.06217
164      7     -6    4.00000   -5.19617
165      7     -5    4.50000   -4.33013
166      7     -4    5.00000   -3.46410
167      7     -3    5.50000   -2.59808
168      7     -2    6.00000   -1.73205
169      7     -1    6.50000   -0.86603
170      8      0    8.00000    0.00000
171      7      1    7.50000    0.86603
172      6      2    7.00000    1.73205
173      5      3    6.50000    2.59808
174      4      4    6.00000    3.46410
175      3      5    5.50000    4.33013
176      2      6    5.00000    5.19617
177      1      7    4.50000    6.06217
178      0      8    4.00000    6.92820
179     -1      8    3.00000    6.92820
180     -2      8    2.00000    6.92820
181     -3      8    1.00000    6.92820
182     -4      8    0.00000    6.92820
183     -5      8   -1.00000    6.92820
184     -6      8   -2.00000    6.92820
185     -7      8   -3.00000    6.92820
186     -8      8   -4.00000    6.92820
187     -8      7   -4.50000    6.06217
188     -8      6   -5.00000    5.19617
189     -8      5   -5.50000    4.33013
190     -8      4   -6.00000    3.46410
191     -8      3   -6.50000    2.59808
192     -8      2   -7.00000    1.73205
193     -8      1   -7.50000    0.86603
194     -8      0   -8.00000    0.00000
195     -7     -1   -7.50000   -0.86603
196     -6     -2   -7.00000   -1.73205
197     -5     -3   -6.50000   -2.59808
198     -4     -4   -6.00000   -3.46410
199     -3     -5   -5.50000   -4.33013
200     -2     -6   -5.00000   -5.19617
201     -1     -7   -4.50000   -6.06217
202      0     -8   -4.00000   -6.92820
203      1     -8   -3.00000   -6.92820
204      2     -8   -2.00000   -6.92820
205      3     -8   -1.00000   -6.92820
206      4     -8    0.00000   -6.92820
207      5     -8    1.00000   -6.92820
208      6     -8    2.00000   -6.92820
209      7     -8    3.00000   -6.92820
210      8     -8    4.00000   -6.92820
211      8     -7    4.50000   -6.06217
212      8     -6    5.00000   -5.19617
213      8     -5    5.50000   -4.33013
214      8     -4    6.00000   -3.46410
215      8     -3    6.50000   -2.59808
216      8     -2    7.00000   -1.73205
217      8     -1    7.50000   -0.86603
218      9      0    9.00000    0.00000
219      8      1    8.50000    0.86603
220      7      2    8.00000    1.73205
221      6      3    7.50000    2.59808
222      5      4    7.00000    3.46410
223      4      5    6.50000    4.33013
224      3      6    6.00000    5.19617
225      2      7    5.50000    6.06217
226      1      8    5.00000    6.92820
227      0      9    4.50000    7.79423
228     -1      9    3.50000    7.79423
229     -2      9    2.50000    7.79423
230     -3      9    1.50000    7.79423
231     -4      9    0.50000    7.79423
232     -5      9   -0.50000    7.79423
233     -6      9   -1.50000    7.79423
234     -7      9   -2.50000    7.79423
235     -8      9   -3.50000    7.79423
236     -9      9   -4.50000    7.79423
237     -9      8   -5.00000    6.92820
238     -9      7   -5.50000    6.06217
239     -9      6   -6.00000    5.19617
240     -9      5   -6.50000    4.33013
241     -9      4   -7.00000    3.46410
242     -9      3   -7.50000    2.59808
243     -9      2   -8.00000    1.73205
244     -9      1   -8.50000    0.86603
245     -9      0   -9.00000    0.00000
246     -8     -1   -8.50000   -0.86603
247     -7     -2   -8.00000   -1.73205
248     -6     -3   -7.50000   -2.59808
249     -5     -4   -7.00000   -3.46410
250     -4     -5   -6.50000   -4.33013
251     -3     -6   -6.00000   -5.19617
252     -2     -7   -5.50000   -6.06217
253     -1     -8   -5.00000   -6.92820
254      0     -9   -4.50000   -7.79423
255      1     -9   -3.50000   -7.79423
256      2     -9   -2.50000   -7.79423
257      3     -9   -1.50000   -7.79423
258      4     -9   -0.50000   -7.79423
259      5     -9    0.50000   -7.79423
260      6     -9    1.50000   -7.79423
261      7     -9    2.50000   -7.79423
262      8     -9    3.50000   -7.79423
263      9     -9    4.50000   -7.79423
264      9     -8    5.00000   -6.92820
265      9     -7    5.50000   -6.06217
266      9     -6    6.00000   -5.19617
267      9     -5    6.50000   -4.33013
268      9     -4    7.00000   -3.46410
269      9     -3    7.50000   -2.59808
270      9     -2    8.00000   -1.73205
271      9     -1    8.50000   -0.86603
272     10      0   10.00000    0.00000
273      9      1    9.50000    0.86603
274      8      2    9.00000    1.73205
275      7      3    8.50000    2.59808
276      6      4    8.00000    3.46410
277      5      5    7.50000    4.33013
278      4      6    7.00000    5.19617
279      3      7    6.50000    6.06217
280      2      8    6.00000    6.92820
281      1      9    5.50000    7.79423
282      0     10    5.00000    8.66027
283     -1     10    4.00000    8.66027
284     -2     10    3.00000    8.66027
285     -3     10    2.00000    8.66027
286     -4     10    1.00000    8.66027
287     -5     10    0.00000    8.66027
288     -6     10   -1.00000    8.66027
289     -7     10   -2.00000    8.66027
290     -8     10   -3.00000    8.66027
291     -9     10   -4.00000    8.66027
292    -10     10   -5.00000    8.66027
293    -10      9   -5.50000    7.79423
294    -10      8   -6.00000    6.92820
295    -10      7   -6.50000    6.06217
296    -10      6   -7.00000    5.19617
297    -10      5   -7.50000    4.33013
298    -10      4   -8.00000    3.46410
299    -10      3   -8.50000    2.59808
300    -10      2   -9.00000    1.73205
301    -10      1   -9.50000    0.86603
302    -10      0  -10.00000    0.00000
303     -9     -1   -9.50000   -0.86603
304     -8     -2   -9.00000   -1.73205
305     -7     -3   -8.50000   -2.59808
306     -6     -4   -8.00000   -3.46410
307     -5     -5   -7.50000   -4.33013
308     -4     -6   -7.00000   -5.19617
309     -3     -7   -6.50000   -6.06217
310     -2     -8   -6.00000   -6.92820
311     -1     -9   -5.50000   -7.79423
312      0    -10   -5.00000   -8.66027
313      1    -10   -4.00000   -8.66027
314      2    -10   -3.00000   -8.66027
315      3    -10   -2.00000   -8.66027
316      4    -10   -1.00000   -8.66027
317      5    -10    0.00000   -8.66027
318      6    -10    1.00000   -8.66027
319      7    -10    2.00000   -8.66027
320      8    -10    3.00000   -8.66027
321      9    -10    4.00000   -8.66027
322     10    -10    5.00000   -8.66027
323     10     -9    5.50000   -7.79423
324     10     -8    6.00000   -6.92820
325     10     -7    6.50000   -6.06217
326     10     -6    7.00000   -5.19617
327     10     -5    7.50000   -4.33013
328     10     -4    8.00000   -3.46410
329     10     -3    8.50000   -2.59808
330     10     -2    9.00000   -1.73205
331     10     -1    9.50000   -0.86603
332     11      0   11.00000    0.00000
333     10      1   10.50000    0.86603
334      9      2   10.00000    1.73205
335      8      3    9.50000    2.59808
336      7      4    9.00000    3.46410
337      6      5    8.50000    4.33013
338      5      6    8.00000    5.19617
339      4      7    7.50000    6.06217
340      3      8    7.00000    6.92820
341      2      9    6.50000    7.79423
342      1     10    6.00000    8.66027
343      0     11    5.50000    9.52627
344     -1     11    4.50000    9.52627
345     -2     11    3.50000    9.52627
346     -3     11    2.50000    9.52627
347     -4     11    1.50000    9.52627
348     -5     11    0.50000    9.52627
349     -6     11   -0.50000    9.52627
350     -7     11   -1.50000    9.52627
351     -8     11   -2.50000    9.52627
352     -9     11   -3.50000    9.52627
353    -10     11   -4.50000    9.52627
354    -11     11   -5.50000    9.52627
355    -11     10   -6.00000    8.66027
356    -11      9   -6.50000    7.79423
357    -11      8   -7.00000    6.92820
358    -11      7   -7.50000    6.06217
359    -11      6   -8.00000    5.19617
360    -11      5   -8.50000    4.33013
361    -11      4   -9.00000    3.46410
362    -11      3   -9.50000    2.59808
363    -11      2  -10.00000    1.73205
364    -11      1  -10.50000    0.86603
365    -11      0  -11.00000    0.00000
366    -10     -1  -10.50000   -0.86603
367     -9     -2  -10.00000   -1.73205
368     -8     -3   -9.50000   -2.59808
369     -7     -4   -9.00000   -3.46410
370     -6     -5   -8.50000   -4.33013
371     -5     -6   -8.00000   -5.19617
372     -4     -7   -7.50000   -6.06217
373     -3     -8   -7.00000   -6.92820
374     -2     -9   -6.50000   -7.79423
375     -1    -10   -6.00000   -8.66027
376      0    -11   -5.50000   -9.52627
377      1    -11   -4.50000   -9.52627
378      2    -11   -3.50000   -9.52627
379      3    -11   -2.50000   -9.52627
380      4    -11   -1.50000   -9.52627
381      5    -11   -0.50000   -9.52627
382      6    -11    0.50000   -9.52627
383      7    -11    1.50000   -9.52627
384      8    -11    2.50000   -9.52627
385      9    -11    3.50000   -9.52627
386     10    -11    4.50000   -9.52627
387     11    -11    5.50000   -9.52627
388     11    -10    6.00000   -8.66027
389     11     -9    6.50000   -7.79423
390     11     -8    7.00000   -6.92820
391     11     -7    7.50000   -6.06217
392     11     -6    8.00000   -5.19617
393     11     -5    8.50000   -4.33013
394     11     -4    9.00000   -3.46410
395     11     -3    9.50000   -2.59808
396     11     -2   10.00000   -1.73205
397     11     -1   10.50000   -0.86603
398     12      0   12.00000    0.00000
399     11      1   11.50000    0.86603
400     10      2   11.00000    1.73205
401      9      3   10.50000    2.59808
402      8      4   10.00000    3.46410
403      7      5    9.50000    4.33013
404      6      6    9.00000    5.19617
405      5      7    8.50000    6.06217
406      4      8    8.00000    6.92820
407      3      9    7.50000    7.79423
408      2     10    7.00000    8.66027
409      1     11    6.50000    9.52627
410      0     12    6.00000   10.39230
411     -1     12    5.00000   10.39230
412     -2     12    4.00000   10.39230
413     -3     12    3.00000   10.39230
414     -4     12    2.00000   10.39230
415     -5     12    1.00000   10.39230
416     -6     12    0.00000   10.39230
417     -7     12   -1.00000   10.39230
418     -8     12   -2.00000   10.39230
419     -9     12   -3.00000   10.39230
420    -10     12   -4.00000   10.39230
421    -11     12   -5.00000   10.39230
422    -12     12   -6.00000   10.39230
423    -12     11   -6.50000    9.52627
424    -12     10   -7.00000    8.66027
425    -12      9   -7.50000    7.79423
426    -12      8   -8.00000    6.92820
427    -12      7   -8.50000    6.06217
428    -12      6   -9.00000    5.19617
429    -12      5   -9.50000    4.33013
430    -12      4  -10.00000    3.46410
431    -12      3  -10.50000    2.59808
432    -12      2  -11.00000    1.73205
433    -12      1  -11.50000    0.86603
434    -12      0  -12.00000    0.00000
435    -11     -1  -11.50000   -0.86603
436    -10     -2  -11.00000   -1.73205
437     -9     -3  -10.50000   -2.59808
438     -8     -4  -10.00000   -3.46410
439     -7     -5   -9.50000   -4.33013
440     -6     -6   -9.00000   -5.19617
441     -5     -7   -8.50000   -6.06217
442     -4     -8   -8.00000   -6.92820
443     -3     -9   -7.50000   -7.79423
444     -2    -10   -7.00000   -8.66027
445     -1    -11   -6.50000   -9.52627
446      0    -12   -6.00000  -10.39230
447      1    -12   -5.00000  -10.39230
448      2    -12   -4.00000  -10.39230
449      3    -12   -3.00000  -10.39230
450      4    -12   -2.00000  -10.39230
451      5    -12   -1.00000  -10.39230
452      6    -12    0.00000  -10.39230
453      7    -12    1.00000  -10.39230
454      8    -12    2.00000  -10.39230
455      9    -12    3.00000  -10.39230
456     10    -12    4.00000  -10.39230
457     11    -12    5.00000  -10.39230
458     12    -12    6.00000  -10.39230
459     12    -11    6.50000   -9.52627
460     12    -10    7.00000   -8.66027
461     12     -9    7.50000   -7.79423
462     12     -8    8.00000   -6.92820
463     12     -7    8.50000   -6.06217
464     12     -6    9.00000   -5.19617
465     12     -5    9.50000   -4.33013
466     12     -4   10.00000   -3.46410
467     12     -3   10.50000   -2.59808
468     12     -2   11.00000   -1.73205
469     12     -1   11.50000   -0.86603
470     13      0   13.00000    0.00000
471     12      1   12.50000    0.86603
472     11      2   12.00000    1.73205
473     10      3   11.50000    2.59808
474      9      4   11.00000    3.46410
475      8      5   10.50000    4.33013
476      7      6   10.00000    5.19617
477      6      7    9.50000    6.06217
478      5      8    9.00000    6.92820
479      4      9    8.50000    7.79423
480      3     10    8.00000    8.66027
481      2     11    7.50000    9.52627
482      1     12    7.00000   10.39230
483      0     13    6.50000   11.25833
484     -1     13    5.50000   11.25833
485     -2     13    4.50000   11.25833
486     -3     13    3.50000   11.25833
487     -4     13    2.50000   11.25833
488     -5     13    1.50000   11.25833
489     -6     13    0.50000   11.25833
490     -7     13   -0.50000   11.25833
491     -8     13   -1.50000   11.25833
492     -9     13   -2.50000   11.25833
493    -10     13   -3.50000   11.25833
494    -11     13   -4.50000   11.25833
495    -12     13   -5.50000   11.25833
496    -13     13   -6.50000   11.25833
497    -13     12   -7.00000   10.39230
498    -13     11   -7.50000    9.52627
499    -13     10   -8.00000    8.66027
500    -13      9   -8.50000    7.79423
501    -13      8   -9.00000    6.92820
502    -13      7   -9.50000    6.06217
503    -13      6  -10.00000    5.19617
504    -13      5  -10.50000    4.33013
505    -13      4  -11.00000    3.46410
506    -13      3  -11.50000    2.59808
507    -13      2  -12.00000    1.73205
508    -13      1  -12.50000    0.86603
509    -13      0  -13.00000    0.00000
510    -12     -1  -12.50000   -0.86603
511    -11     -2  -12.00000   -1.73205
512    -10     -3  -11.50000   -2.59808
513     -9     -4  -11.00000   -3.46410
514     -8     -5  -10.50000   -4.33013
515     -7     -6  -10.00000   -5.19617
516     -6     -7   -9.50000   -6.06217
517     -5     -8   -9.00000   -6.92820
518     -4     -9   -8.50000   -7.79423
519     -3    -10   -8.00000   -8.66027
520     -2    -11   -7.50000   -9.52627
521     -1    -12   -7.00000  -10.39230
522      0    -13   -6.50000  -11.25833
523      1    -13   -5.50000  -11.25833
524      2    -13   -4.50000  -11.25833
525      3    -13   -3.50000  -11.25833
526      4    -13   -2.50000  -11.25833
527      5    -13   -1.50000  -11.25833
528      6    -13   -0.50000  -11.25833
529      7    -13    0.50000  -11.25833
530      8    -13    1.50000  -11.25833
531      9    -13    2.50000  -11.25833
532     10    -13    3.50000  -11.25833
533     11    -13    4.50000  -11.25833
534     12    -13    5.50000  -11.25833
535     13    -13    6.50000  -11.25833
536     13    -12    7.00000  -10.39230
537     13    -11    7.50000   -9.52627
538     13    -10    8.00000   -8.66027
539     13     -9    8.50000   -7.79423
540     13     -8    9.00000   -6.92820
541     13     -7    9.50000   -6.06217
542     13     -6   10.00000   -5.19617
543     13     -5   10.50000   -4.33013
544     13     -4   11.00000   -3.46410
545     13     -3   11.50000   -2.59808
546     13     -2   12.00000   -1.73205
547     13     -1   12.50000   -0.86603
548     14      0   14.00000    0.00000
549     13      1   13.50000    0.86603
550     12      2   13.00000    1.73205
551     11      3   12.50000    2.59808
552     10      4   12.00000    3.46410
553      9      5   11.50000    4.33013
554      8      6   11.00000    5.19617
555      7      7   10.50000    6.06217
556      6      8   10.00000    6.92820
557      5      9    9.50000    7.79423
558      4     10    9.00000    8.66027
559      3     11    8.50000    9.52627
560      2     12    8.00000   10.39230
561      1     13    7.50000   11.25833
562      0     14    7.00000   12.12437
563     -1     14    6.00000   12.12437
564     -2     14    5.00000   12.12437
565     -3     14    4.00000   12.12437
566     -4     14    3.00000   12.12437
567     -5     14    2.00000   12.12437
568     -6     14    1.00000   12.12437
569     -7     14    0.00000   12.12437
570     -8     14   -1.00000   12.12437
571     -9     14   -2.00000   12.12437
572    -10     14   -3.00000   12.12437
573    -11     14   -4.00000   12.12437
574    -12     14   -5.00000   12.12437
575    -13     14   -6.00000   12.12437
576    -14     14   -7.00000   12.12437
577    -14     13   -7.50000   11.25833
578    -14     12   -8.00000   10.39230
579    -14     11   -8.50000    9.52627
580    -14     10   -9.00000    8.66027
581    -14      9   -9.50000    7.79423
582    -14      8  -10.00000    6.92820
583    -14      7  -10.50000    6.06217
584    -14      6  -11.00000    5.19617
585    -14      5  -11.50000    4.33013
586    -14      4  -12.00000    3.46410
587    -14      3  -12.50000    2.59808
588    -14      2  -13.00000    1.73205
589    -14      1  -13.50000    0.86603
590    -14      0  -14.00000    0.00000
591    -13     -1  -13.50000   -0.86603
592    -12     -2  -13.00000   -1.73205
593    -11     -3  -12.50000   -2.59808
594    -10     -4  -12.00000   -3.46410
595     -9     -5  -11.50000   -4.33013
596     -8     -6  -11.00000   -5.19617
597     -7     -7  -10.50000   -6.06217
598     -6     -8  -10.00000   -6.92820
599     -5     -9   -9.50000   -7.79423
600     -4    -10   -9.00000   -8.66027
601     -3    -11   -8.50000   -9.52627
602     -2    -12   -8.00000  -10.39230
603     -1    -13   -7.50000  -11.25833
604      0    -14   -7.00000  -12.12437
605      1    -14   -6.00000  -12.12437
606      2    -14   -5.00000  -12.12437
607      3    -14   -4.00000  -12.12437
608      4    -14   -3.00000  -12.12437
609      5    -14   -2.00000  -12.12437
610      6    -14   -1.00000  -12.12437
611      7    -14    0.00000  -12.12437
612      8    -14    1.00000  -12.12437
613      9    -14    2.00000  -12.12437
614     10    -14    3.00000  -12.12437
615     11    -14    4.00000  -12.12437
616     12    -14    5.00000  -12.12437
617     13    -14    6.00000  -12.12437
618     14    -14    7.00000  -12.12437
619     14    -13    7.50000  -11.25833
620     14    -12    8.00000  -10.39230
621     14    -11    8.50000   -9.52627
622     14    -10    9.00000   -8.66027
623     14     -9    9.50000   -7.79423
624     14     -8   10.00000   -6.92820
625     14     -7   10.50000   -6.06217
626     14     -6   11.00000   -5.19617
627     14     -5   11.50000   -4.33013
628     14     -4   12.00000   -3.46410
629     14     -3   12.50000   -2.59808
630     14     -2   13.00000   -1.73205
631     14     -1   13.50000   -0.86603
632     15      0   15.00000    0.00000
633     14      1   14.50000    0.86603
634     13      2   14.00000    1.73205
635     12      3   13.50000    2.59808
636     11      4   13.00000    3.46410
637     10      5   12.50000    4.33013
638      9      6   12.00000    5.19617
639      8      7   11.50000    6.06217
640      7      8   11.00000    6.92820
641      6      9   10.50000    7.79423
642      5     10   10.00000    8.66027
643      4     11    9.50000    9.52627
644      3     12    9.00000   10.39230
645      2     13    8.50000   11.25833
646      1     14    8.00000   12.12437
647      0     15    7.50000   12.99037
648     -1     15    6.50000   12.99037
649     -2     15    5.50000   12.99037
650     -3     15    4.50000   12.99037
651     -4     15    3.50000   12.99037
652     -5     15    2.50000   12.99037
653     -6     15    1.50000   12.99037
654     -7     15    0.50000   12.99037
655     -8     15   -0.50000   12.99037
656     -9     15   -1.50000   12.99037
657    -10     15   -2.50000   12.99037
658    -11     15   -3.50000   12.99037
659    -12     15   -4.50000   12.99037
660    -13     15   -5.50000   12.99037
661    -14     15   -6.50000   12.99037
662    -15     15   -7.50000   12.99037
663    -15     14   -8.00000   12.12437
664    -15     13   -8.50000   11.25833
665    -15     12   -9.00000   10.39230
666    -15     11   -9.50000    9.52627
667    -15     10  -10.00000    8.66027
668    -15      9  -10.50000    7.79423
669    -15      8  -11.00000    6.92820
670    -15      7  -11.50000    6.06217
671    -15      6  -12.00000    5.19617
672    -15      5  -12.50000    4.33013
673    -15      4  -13.00000    3.46410
674    -15      3  -13.50000    2.59808
675    -15      2  -14.00000    1.73205
676    -15      1  -14.50000    0.86603
677    -15      0  -15.00000    0.00000
678    -14     -1  -14.50000   -0.86603
679    -13     -2  -14.00000   -1.73205
680    -12     -3  -13.50000   -2.59808
681    -11     -4  -13.00000   -3.46410
682    -10     -5  -12.50000   -4.33013
683     -9     -6  -12.00000   -5.19617
684     -8     -7  -11.50000   -6.06217
685     -7     -8  -11.00000   -6.92820
686     -6     -9  -10.50000   -7.79423
687     -5    -10  -10.00000   -8.66027
688     -4    -11   -9.50000   -9.52627
689     -3    -12   -9.00000  -10.39230
690     -2    -13   -8.50000  -11.25833
691     -1    -14   -8.00000  -12.12437
692      0    -15   -7.50000  -12.99037
693      1    -15   -6.50000  -12.99037
694      2    -15   -5.50000  -12.99037
695      3    -15   -4.50000  -12.99037
696      4    -15   -3.50000  -12.99037
697      5    -15   -2.50000  -12.99037
698      6    -15   -1.50000  -12.99037
699      7    -15   -0.50000  -12.99037
700      8    -15    0.50000  -12.99037
701      9    -15    1.50000  -12.99037
702     10    -15    2.50000  -12.99037
703     11    -15    3.50000  -12.99037
704     12    -15    4.50000  -12.99037
705     13    -15    5.50000  -12.99037
706     14    -15    6.50000  -12.99037
707     15    -15    7.50000  -12.99037
708     15    -14    8.00000  -12.12437
709     15    -13    8.50000  -11.25833
710     15    -12    9.00000  -10.39230
711     15    -11    9.50000   -9.52627
712     15    -10   10.00000   -8.66027
713     15     -9   10.50000   -7.79423
714     15     -8   11.00000   -6.92820
715     15     -7   11.50000   -6.06217
716     15     -6   12.00000   -5.19617
717     15     -5   12.50000   -4.33013
718     15     -4   13.00000   -3.46410
719     15     -3   13.50000   -2.59808
720     15     -2   14.00000   -1.73205
721     15     -1   14.50000   -0.86603
722     16      0   16.00000    0.00000
723     15      1   15.50000    0.86603
724     14      2   15.00000    1.73205
725     13      3   14.50000    2.59808
726     12      4   14.00000    3.46410
727     11      5   13.50000    4.33013
728     10      6   13.00000    5.19617
729      9      7   12.50000    6.06217
730      8      8   12.00000    6.92820
731      7      9   11.50000    7.79423
732      6     10   11.00000    8.66027
733      5     11   10.50000    9.52627
734      4     12   10.00000   10.39230
735      3     13    9.50000   11.25833
736      2     14    9.00000   12.12437
737      1     15    8.50000   12.99037
738      0     16    8.00000   13.85640
739     -1     16    7.00000   13.85640
740     -2     16    6.00000   13.85640
741     -3     16    5.00000   13.85640
742     -4     16    4.00000   13.85640
743     -5     16    3.00000   13.85640
744     -6     16    2.00000   13.85640
745     -7     16    1.00000   13.85640
746     -8     16    0.00000   13.85640
747     -9     16   -1.00000   13.85640
748    -10     16   -2.00000   13.85640
749    -11     16   -3.00000   13.85640
750    -12     16   -4.00000   13.85640
751    -13     16   -5.00000   13.85640
752    -14     16   -6.00000   13.85640
753    -15     16   -7.00000   13.85640
754    -16     16   -8.00000   13.85640
755    -16     15   -8.50000   12.99037
756    -16     14   -9.00000   12.12437
757    -16     13   -9.50000   11.25833
758    -16     12  -10.00000   10.39230
759    -16     11  -10.50000    9.52627
760    -16     10  -11.00000    8.66027
761    -16      9  -11.50000    7.79423
762    -16      8  -12.00000    6.92820
763    -16      7  -12.50000    6.06217
764    -16      6  -13.00000    5.19617
765    -16      5  -13.50000    4.33013
766    -16      4  -14.00000    3.46410
767    -16      3  -14.50000    2.59808
768    -16      2  -15.00000    1.73205
769    -16      1  -15.50000    0.86603
770    -16      0  -16.00000    0.00000
771    -15     -1  -15.50000   -0.86603
772    -14     -2  -15.00000   -1.73205
773    -13     -3  -14.50000   -2.59808
774    -12     -4  -14.00000   -3.46410
775    -11     -5  -13.50000   -4.33013
776    -10     -6  -13.00000   -5.19617
777     -9     -7  -12.50000   -6.06217
778     -8     -8  -12.00000   -6.92820
779     -7     -9  -11.50000   -7.79423
780     -6    -10  -11.00000   -8.66027
781     -5    -11  -10.50000   -9.52627
782     -4    -12  -10.00000  -10.39230
783     -3    -13   -9.50000  -11.25833
784     -2    -14   -9.00000  -12.12437
785     -1    -15   -8.50000  -12.99037
786      0    -16   -8.00000  -13.85640
787      1    -16   -7.00000  -13.85640
788      2    -16   -6.00000  -13.85640
789      3    -16   -5.00000  -13.85640
790      4    -16   -4.00000  -13.85640
791      5    -16   -3.00000  -13.85640
792      6    -16   -2.00000  -13.85640
793      7    -16   -1.00000  -13.85640
794      8    -16    0.00000  -13.85640
795      9    -16    1.00000  -13.85640
796     10    -16    2.00000  -13.85640
797     11    -16    3.00000  -13.85640
798     12    -16    4.00000  -13.85640
799     13    -16    5.00000  -13.85640
800     14    -16    6.00000  -13.85640
801     15    -16    7.00000  -13.85640
802     16    -16    8.00000  -13.85640
803     16    -15    8.50000  -12.99037
804     16    -14    9.00000  -12.12437
805     16    -13    9.50000  -11.25833
806     16    -12   10.00000  -10.39230
807     16    -11   10.50000   -9.52627
808     16    -10   11.00000   -8.66027
809     16     -9   11.50000   -7.79423
810     16     -8   12.00000   -6.92820
811     16     -7   12.50000   -6.06217
812     16     -6   13.00000   -5.19617
813     16     -5   13.50000   -4.33013
814     16     -4   14.00000   -3.46410
815     16     -3   14.50000   -2.59808
816     16     -2   15.00000   -1.73205
817     16     -1   15.50000   -0.86603
818     17      0   17.00000    0.00000
819     16      1   16.50000    0.86603
820     15      2   16.00000    1.73205
821     14      3   15.50000    2.59808
822     13      4   15.00000    3.46410
823     12      5   14.50000    4.33013
824     11      6   14.00000    5.19617
825     10      7   13.50000    6.06217
826      9      8   13.00000    6.92820
827      8      9   12.50000    7.79423
828      7     10   12.00000    8.66027
829      6     11   11.50000    9.52627
830      5     12   11.00000   10.39230
831      4     13   10.50000   11.25833
832      3     14   10.00000   12.12437
833      2     15    9.50000   12.99037
834      1     16    9.00000   13.85640
835      0     17    8.50000   14.72243
836     -1     17    7.50000   14.72243
837     -2     17    6.50000   14.72243
838     -3     17    5.50000   14.72243
839     -4     17    4.50000   14.72243
840     -5     17    3.50000   14.72243
841     -6     17    2.50000   14.72243
842     -7     17    1.50000   14.72243
843     -8     17    0.50000   14.72243
844     -9     17   -0.50000   14.72243
845    -10     17   -1.50000   14.72243
846    -11     17   -2.50000   14.72243
847    -12     17   -3.50000   14.72243
848    -13     17   -4.50000   14.72243
849    -14     17   -5.50000   14.72243
850    -15     17   -6.50000   14.72243
851    -16     17   -7.50000   14.72243
852    -17     17   -8.50000   14.72243
853    -17     16   -9.00000   13.85640
854    -17     15   -9.50000   12.99037
855    -17     14  -10.00000   12.12437
856    -17     13  -10.50000   11.25833
857    -17     12  -11.00000   10.39230
858    -17     11  -11.50000    9.52627
859    -17     10  -12.00000    8.66027
860    -17      9  -12.50000    7.79423
861    -17      8  -13.00000    6.92820
862    -17      7  -13.50000    6.06217
863    -17      6  -14.00000    5.19617
864    -17      5  -14.50000    4.33013
865    -17      4  -15.00000    3.46410
866    -17      3  -15.50000    2.59808
867    -17      2  -16.00000    1.73205
868    -17      1  -16.50000    0.86603
869    -17      0  -17.00000    0.00000
870    -16     -1  -16.50000   -0.86603
871    -15     -2  -16.00000   -1.73205
872    -14     -3  -15.50000   -2.59808
873    -13     -4  -15.00000   -3.46410
874    -12     -5  -14.50000   -4.33013
875    -11     -6  -14.00000   -5.19617
876    -10     -7  -13.50000   -6.06217
877     -9     -8  -13.00000   -6.92820
878     -8     -9  -12.50000   -7.79423
879     -7    -10  -12.00000   -8.66027
880     -6    -11  -11.50000   -9.52627
881     -5    -12  -11.00000  -10.39230
882     -4    -13  -10.50000  -11.25833
883     -3    -14  -10.00000  -12.12437
884     -2    -15   -9.50000  -12.99037
885     -1    -16   -9.00000  -13.85640
886      0    -17   -8.50000  -14.72243
887      1    -17   -7.50000  -14.72243
888      2    -17   -6.50000  -14.72243
889      3    -17   -5.50000  -14.72243
890      4    -17   -4.50000  -14.72243
891      5    -17   -3.50000  -14.72243
892      6    -17   -2.50000  -14.72243
893      7    -17   -1.50000  -14.72243
894      8    -17   -0.50000  -14.72243
895      9    -17    0.50000  -14.72243
896     10    -17    1.50000  -14.72243
897     11    -17    2.50000  -14.72243
898     12    -17    3.50000  -14.72243
899     13    -17    4.50000  -14.72243
900     14    -17    5.50000  -14.72243
901     15    -17    6.50000  -14.72243
902     16    -17    7.50000  -14.72243
903     17    -17    8.50000  -14.72243
904     17    -16    9.00000  -13.85640
905     17    -15    9.50000  -12.99037
906     17    -14   10.00000  -12.12437
907     17    -13   10.50000  -11.25833
908     17    -12   11.00000  -10.39230
909     17    -11   11.50000   -9.52627
910     17    -10   12.00000   -8.66027
911     17     -9   12.50000   -7.79423
912     17     -8   13.00000   -6.92820
913     17     -7   13.50000   -6.06217
914     17     -6   14.00000   -5.19617
915     17     -5   14.50000   -4.33013
916     17     -4   15.00000   -3.46410
917     17     -3   15.50000   -2.59808
918     17     -2   16.00000   -1.73205
919     17     -1   16.50000   -0.86603
920     18      0   18.00000    0.00000
921     17      1   17.50000    0.86603
922     16      2   17.00000    1.73205
923     15      3   16.50000    2.59808
924     14      4   16.00000    3.46410
925     13      5   15.50000    4.33013
926     12      6   15.00000    5.19617
927     11      7   14.50000    6.06217
928     10      8   14.00000    6.92820
929      9      9   13.50000    7.79423
930      8     10   13.00000    8.66027
931      7     11   12.50000    9.52627
932      6     12   12.00000   10.39230
933      5     13   11.50000   11.25833
934      4     14   11.00000   12.12437
935      3     15   10.50000   12.99037
936      2     16   10.00000   13.85640
937      1     17    9.50000   14.72243
938      0     18    9.00000   15.58847
939     -1     18    8.00000   15.58847
940     -2     18    7.00000   15.58847
941     -3     18    6.00000   15.58847
942     -4     18    5.00000   15.58847
943     -5     18    4.00000   15.58847
944     -6     18    3.00000   15.58847
945     -7     18    2.00000   15.58847
946     -8     18    1.00000   15.58847
947     -9     18    0.00000   15.58847
948    -10     18   -1.00000   15.58847
949    -11     18   -2.00000   15.58847
950    -12     18   -3.00000   15.58847
951    -13     18   -4.00000   15.58847
952    -14     18   -5.00000   15.58847
953    -15     18   -6.00000   15.58847
954    -16     18   -7.00000   15.58847
955    -17     18   -8.00000   15.58847
956    -18     18   -9.00000   15.58847
957    -18     17   -9.50000   14.72243
958    -18     16  -10.00000   13.85640
959    -18     15  -10.50000   12.99037
960    -18     14  -11.00000   12.12437
961    -18     13  -11.50000   11.25833
962    -18     12  -12.00000   10.39230
963    -18     11  -12.50000    9.52627
964    -18     10  -13.00000    8.66027
965    -18      9  -13.50000    7.79423
966    -18      8  -14.00000    6.92820
967    -18      7  -14.50000    6.06217
968    -18      6  -15.00000    5.19617
969    -18      5  -15.50000    4.33013
970    -18      4  -16.00000    3.46410
971    -18      3  -16.50000    2.59808
972    -18      2  -17.00000    1.73205
973    -18      1  -17.50000    0.86603
974    -18      0  -18.00000    0.00000
975    -17     -1  -17.50000   -0.86603
976    -16     -2  -17.00000   -1.73205
977    -15     -3  -16.50000   -2.59808
978    -14     -4  -16.00000   -3.46410
979    -13     -5  -15.50000   -4.33013
980    -12     -6  -15.00000   -5.19617
981    -11     -7  -14.50000   -6.06217
982    -10     -8  -14.00000   -6.92820
983     -9     -9  -13.50000   -7.79423
984     -8    -10  -13.00000   -8.66027
985     -7    -11  -12.50000   -9.52627
986     -6    -12  -12.00000  -10.39230
987     -5    -13  -11.50000  -11.25833
988     -4    -14  -11.00000  -12.12437
989     -3    -15  -10.50000  -12.99037
990     -2    -16  -10.00000  -13.85640
991     -1    -17   -9.50000  -14.72243
992      0    -18   -9.00000  -15.58847
993      1    -18   -8.00000  -15.58847
994      2    -18   -7.00000  -15.58847
995      3    -18   -6.00000  -15.58847
996      4    -18   -5.00000  -15.58847
997      5    -18   -4.00000  -15.58847
998      6    -18   -3.00000  -15.58847
999      7    -18   -2.00000  -15.58847
1000      8    -18   -1.00000  -15.58847
1001      9    -18    0.00000  -15.58847
1002     10    -18    1.00000  -15.58847
1003     11    -18    2.00000  -15.58847
1004     12    -18    3.00000  -15.58847
1005     13    -18    4.00000  -15.58847
1006     14    -18    5.00000  -15.58847
1007     15    -18    6.00000  -15.58847
1008     16    -18    7.00000  -15.58847
1009     17    -18    8.00000  -15.58847
1010     18    -18    9.00000  -15.58847
1011     18    -17    9.50000  -14.72243
1012     18    -16   10.00000  -13.85640
1013     18    -15   10.50000  -12.99037
1014     18    -14   11.00000  -12.12437
1015     18    -13   11.50000  -11.25833
1016     18    -12   12.00000  -10.39230
1017     18    -11   12.50000   -9.52627
1018     18    -10   13.00000   -8.66027
1019     18     -9   13.50000   -7.79423
1020     18     -8   14.00000   -6.92820
1021     18     -7   14.50000   -6.06217
1022     18     -6   15.00000   -5.19617
1023     18     -5   15.50000   -4.33013
1024     18     -4   16.00000   -3.46410
1025     18     -3   16.50000   -2.59808
1026     18     -2   17.00000   -1.73205
1027     18     -1   17.50000   -0.86603
1028     19      0   19.00000    0.00000
1029     18      1   18.50000    0.86603
1030     17      2   18.00000    1.73205
1031     16      3   17.50000    2.59808
1032     15      4   17.00000    3.46410
1033     14      5   16.50000    4.33013
1034     13      6   16.00000    5.19617
1035     12      7   15.50000    6.06217
1036     11      8   15.00000    6.92820
1037     10      9   14.50000    7.79423
1038      9     10   14.00000    8.66027
1039      8     11   13.50000    9.52627
1040      7     12   13.00000   10.39230
1041      6     13   12.50000   11.25833
1042      5     14   12.00000   12.12437
1043      4     15   11.50000   12.99037
1044      3     16   11.00000   13.85640
1045      2     17   10.50000   14.72243
1046      1     18   10.00000   15.58847
1047      0     19    9.50000   16.45447
1048     -1     19    8.50000   16.45447
1049     -2     19    7.50000   16.45447
1050     -3     19    6.50000   16.45447
1051     -4     19    5.50000   16.45447
1052     -5     19    4.50000   16.45447
1053     -6     19    3.50000   16.45447
1054     -7     19    2.50000   16.45447
1055     -8     19    1.50000   16.45447
1056     -9     19    0.50000   16.45447
1057    -10     19   -0.50000   16.45447
1058    -11     19   -1.50000   16.45447
1059    -12     19   -2.50000   16.45447
1060    -13     19   -3.50000   16.45447
1061    -14     19   -4.50000   16.45447
1062    -15     19   -5.50000   16.45447
1063    -16     19   -6.50000   16.45447
1064    -17     19   -7.50000   16.45447
1065    -18     19   -8.50000   16.45447
1066    -19     19   -9.50000   16.45447
1067    -19     18  -10.00000   15.58847
1068    -19     17  -10.50000   14.72243
1069    -19     16  -11.00000   13.85640
1070    -19     15  -11.50000   12.99037
1071    -19     14  -12.00000   12.12437
1072    -19     13  -12.50000   11.25833
1073    -19     12  -13.00000   10.39230
1074    -19     11  -13.50000    9.52627
1075    -19     10  -14.00000    8.66027
1076    -19      9  -14.50000    7.79423
1077    -19      8  -15.00000    6.92820
1078    -19      7  -15.50000    6.06217
1079    -19      6  -16.00000    5.19617
1080    -19      5  -16.50000    4.33013
1081    -19      4  -17.00000    3.46410
1082    -19      3  -17.50000    2.59808
1083    -19      2  -18.00000    1.73205
1084    -19      1  -18.50000    0.86603
1085    -19      0  -19.00000    0.00000
1086    -18     -1  -18.50000   -0.86603
1087    -17     -2  -18.00000   -1.73205
1088    -16     -3  -17.50000   -2.59808
1089    -15     -4  -17.00000   -3.46410
1090    -14     -5  -16.50000   -4.33013
1091    -13     -6  -16.00000   -5.19617
1092    -12     -7  -15.50000   -6.06217
1093    -11     -8  -15.00000   -6.92820
1094    -10     -9  -14.50000   -7.79423
1095     -9    -10  -14.00000   -8.66027
1096     -8    -11  -13.50000   -9.52627
1097     -7    -12  -13.00000  -10.39230
1098     -6    -13  -12.50000  -11.25833
1099     -5    -14  -12.00000  -12.12437
1100     -4    -15  -11.50000  -12.99037
1101     -3    -16  -11.00000  -13.85640
1102     -2    -17  -10.50000  -14.72243
1103     -1    -18  -10.00000  -15.58847
1104      0    -19   -9.50000  -16.45447
1105      1    -19   -8.50000  -16.45447
1106      2    -19   -7.50000  -16.45447
1107      3    -19   -6.50000  -16.45447
1108      4    -19   -5.50000  -16.45447
1109      5    -19   -4.50000  -16.45447
1110      6    -19   -3.50000  -16.45447
1111      7    -19   -2.50000  -16.45447
1112      8    -19   -1.50000  -16.45447
1113      9    -19   -0.50000  -16.45447
1114     10    -19    0.50000  -16.45447
1115     11    -19    1.50000  -16.45447
1116     12    -19    2.50000  -16.45447
1117     13    -19    3.50000  -16.45447
1118     14    -19    4.50000  -16.45447
1119     15    -19    5.50000  -16.45447
1120     16    -19    6.50000  -16.45447
1121     17    -19    7.50000  -16.45447
1122     18    -19    8.50000  -16.45447
1123     19    -19    9.50000  -16.45447
1124     19    -18   10.00000  -15.58847
1125     19    -17   10.50000  -14.72243
1126     19    -16   11.00000  -13.85640
1127     19    -15   11.50000  -12.99037
1128     19    -14   12.00000  -12.12437
1129     19    -13   12.50000  -11.25833
1130     19    -12   13.00000  -10.39230
1131     19    -11   13.50000   -9.52627
1132     19    -10   14.00000   -8.66027
1133     19     -9   14.50000   -7.79423
1134     19     -8   15.00000   -6.92820
1135     19     -7   15.50000   -6.06217
1136     19     -6   16.00000   -5.19617
1137     19     -5   16.50000   -4.33013
1138     19     -4   17.00000   -3.46410
1139     19     -3   17.50000   -2.59808
1140     19     -2   18.00000   -1.73205
1141     19     -1   18.50000   -0.86603
