DENSITY AND THICKNESS DATA OF THE ATMOSPHERE AT AN ZENITH ANGLE OF 75.0 DEGREES
 0.000000000E+00 3.942178358E+03 1.229805824E-03 3.942178358E+03 0.000000000E+00
 1.538785467E+04 3.923210341E+03 1.224888913E-03 3.926593032E+03 1.265841161E+04
 3.077570935E+04 3.904464325E+03 1.219991235E-03 3.911007706E+03 2.542251648E+04
 4.616356402E+04 3.885714529E+03 1.215112717E-03 3.895422380E+03 3.821958731E+04
 6.155141870E+04 3.867039768E+03 1.210253284E-03 3.879837054E+03 5.100302998E+04
 7.693927337E+04 3.848507569E+03 1.205412865E-03 3.864251728E+03 6.388464095E+04
 9.232712805E+04 3.829821910E+03 1.200591386E-03 3.848666402E+03 7.680906445E+04
 1.077149827E+05 3.811529649E+03 1.195788775E-03 3.833081076E+03 8.972023553E+04
 1.231028374E+05 3.793151139E+03 1.191004961E-03 3.817495749E+03 1.027313362E+05
 1.384906921E+05 3.774753215E+03 1.186239870E-03 3.801910423E+03 1.157856577E+05
 1.538785467E+05 3.756682287E+03 1.181493432E-03 3.786325097E+03 1.288272313E+05
 1.692664014E+05 3.738525754E+03 1.176765576E-03 3.770739771E+03 1.419695436E+05
 1.846542561E+05 3.720438949E+03 1.172056229E-03 3.755154445E+03 1.551563877E+05
 2.000421108E+05 3.702135641E+03 1.167365322E-03 3.739569119E+03 1.683311457E+05
 2.154299654E+05 3.684389355E+03 1.162692784E-03 3.723983793E+03 1.816675781E+05
 2.308178201E+05 3.666679410E+03 1.158038544E-03 3.708398467E+03 1.949321334E+05
 2.462056748E+05 3.648880533E+03 1.153402533E-03 3.692813141E+03 2.083002206E+05
 2.615935295E+05 3.631152140E+03 1.148784681E-03 3.677227815E+03 2.217143283E+05
 2.769813841E+05 3.613563077E+03 1.144184918E-03 3.661642488E+03 2.350377547E+05
 2.923692388E+05 3.595815425E+03 1.139603175E-03 3.646057162E+03 2.486829449E+05
 3.077570935E+05 3.578459230E+03 1.135039384E-03 3.630471836E+03 2.621785199E+05
 3.231449482E+05 3.560945238E+03 1.130493475E-03 3.614886510E+03 2.757800916E+05
 3.385328028E+05 3.543686035E+03 1.125965380E-03 3.599301184E+03 2.894295516E+05
 3.539206575E+05 3.526378398E+03 1.121455030E-03 3.583715858E+03 3.029038133E+05
 3.693085122E+05 3.509139991E+03 1.116962359E-03 3.568130532E+03 3.168728909E+05
 3.846963669E+05 3.491682016E+03 1.112487298E-03 3.552545206E+03 3.306118606E+05
 4.000842215E+05 3.474777327E+03 1.108029780E-03 3.536959880E+03 3.444956402E+05
 4.154720762E+05 3.457906381E+03 1.103589737E-03 3.521374554E+03 3.583888538E+05
 4.308599309E+05 3.440942014E+03 1.099167103E-03 3.505789228E+03 3.721900770E+05
 4.462477856E+05 3.424045536E+03 1.094761811E-03 3.490203901E+03 3.863252366E+05
 4.616356402E+05 3.407285110E+03 1.090373795E-03 3.474618575E+03 4.002257412E+05
 4.770234949E+05 3.390363128E+03 1.086002988E-03 3.459033249E+03 4.144643438E+05
 4.924113496E+05 3.373831501E+03 1.081649324E-03 3.443447923E+03 4.285491357E+05
 5.077992043E+05 3.357203722E+03 1.077312738E-03 3.427862597E+03 4.428079747E+05
 5.231870589E+05 3.340642515E+03 1.072993165E-03 3.412277271E+03 4.569121874E+05
 5.385749136E+05 3.324215724E+03 1.068690538E-03 3.396691945E+03 4.713599259E+05
 5.539627683E+05 3.307786594E+03 1.064404794E-03 3.381106619E+03 4.856528115E+05
 5.693506230E+05 3.291423955E+03 1.060135867E-03 3.365521293E+03 5.001255770E+05
 5.847384776E+05 3.275194533E+03 1.055883693E-03 3.349935967E+03 5.144398820E+05
 6.001263323E+05 3.258801489E+03 1.051648208E-03 3.334350640E+03 5.291032397E+05
 6.155141870E+05 3.242794058E+03 1.047429348E-03 3.318765314E+03 5.435253405E+05
 6.309020417E+05 3.226691119E+03 1.043227049E-03 3.303179988E+03 5.582984384E+05
 6.462898963E+05 3.210664023E+03 1.039041247E-03 3.287594662E+03 5.729793547E+05
 6.616777510E+05 3.194757973E+03 1.034871879E-03 3.272009336E+03 5.877153254E+05
 6.770656057E+05 3.178847591E+03 1.030718883E-03 3.256424010E+03 6.025075439E+05
 6.924534604E+05 3.163000836E+03 1.026582194E-03 3.240838684E+03 6.173561525E+05
 7.078413150E+05 3.146929324E+03 1.022461752E-03 3.225253358E+03 6.323262924E+05
 7.232291697E+05 3.131405841E+03 1.018357493E-03 3.209668032E+03 6.471473472E+05
 7.386170244E+05 3.115909264E+03 1.014269356E-03 3.194082706E+03 6.623212479E+05
 7.540048791E+05 3.100314978E+03 1.010197278E-03 3.178497380E+03 6.774006757E+05
 7.693927337E+05 3.084783086E+03 1.006141198E-03 3.162912053E+03 6.925387456E+05
 7.847805884E+05 3.069381448E+03 1.002101054E-03 3.147326727E+03 7.074575539E+05
 8.001684431E+05 3.053976365E+03 9.980767857E-04 3.131741401E+03 7.229040969E+05
 8.155562978E+05 3.038630280E+03 9.940683317E-04 3.116156075E+03 7.383771319E+05
 8.309441524E+05 3.023414182E+03 9.900756313E-04 3.100570749E+03 7.537552695E+05
 8.463320071E+05 3.008030425E+03 9.860986241E-04 3.084985423E+03 7.691944667E+05
 8.617198618E+05 2.993028093E+03 9.821372497E-04 3.069400097E+03 7.847622462E+05
 8.771077165E+05 2.977638426E+03 9.781914482E-04 3.053814771E+03 8.003280278E+05
 8.924955711E+05 2.962793486E+03 9.742611596E-04 3.038229445E+03 8.159537739E+05
 9.078834258E+05 2.947973387E+03 9.703463245E-04 3.022644119E+03 8.317106462E+05
 9.232712805E+05 2.933052529E+03 9.664468834E-04 3.007058792E+03 8.474632175E+05
 9.386591352E+05 2.918191559E+03 9.625627773E-04 2.991473466E+03 8.632800959E+05
 9.540469898E+05 2.903435950E+03 9.586939471E-04 2.975888140E+03 8.792309271E+05
 9.694348445E+05 2.888693852E+03 9.548403343E-04 2.960302814E+03 8.951778435E+05
 9.848226992E+05 2.874079144E+03 9.510018802E-04 2.944717488E+03 9.110965994E+05
 1.000210554E+06 2.859454805E+03 9.471785267E-04 2.929132162E+03 9.273391892E+05
 1.015598409E+06 2.844889190E+03 9.433702157E-04 2.913546836E+03 9.434322577E+05
 1.030986263E+06 2.830451055E+03 9.395768893E-04 2.897961510E+03 9.597461194E+05
 1.046374118E+06 2.815841745E+03 9.357984900E-04 2.882376184E+03 9.760982159E+05
 1.061761973E+06 2.801610827E+03 9.320349604E-04 2.866790858E+03 9.924352215E+05
 1.077149827E+06 2.786989206E+03 9.282862433E-04 2.851205532E+03 1.008772479E+06
 1.092537682E+06 2.773001839E+03 9.245522817E-04 2.835620205E+03 1.025429717E+06
 1.107925537E+06 2.758853845E+03 9.208330189E-04 2.820034879E+03 1.042061219E+06
 1.123313391E+06 2.744692251E+03 9.171283984E-04 2.804449553E+03 1.058388057E+06
 1.138701246E+06 2.730494905E+03 9.134383637E-04 2.788864227E+03 1.075467314E+06
 1.154089101E+06 2.716607498E+03 9.097628589E-04 2.773278901E+03 1.092242619E+06
 1.169476955E+06 2.702616261E+03 9.061018279E-04 2.757693575E+03 1.109166075E+06
 1.184864810E+06 2.688680599E+03 9.024552151E-04 2.742108249E+03 1.126160854E+06
 1.200252665E+06 2.674868872E+03 8.988229651E-04 2.726522923E+03 1.143230672E+06
 1.215640519E+06 2.661044794E+03 8.952050225E-04 2.710937597E+03 1.160301383E+06
 1.231028374E+06 2.647276202E+03 8.916013323E-04 2.695352271E+03 1.177522615E+06
 1.246416229E+06 2.633642490E+03 8.880118396E-04 2.679766944E+03 1.194644012E+06
 1.261804083E+06 2.619983915E+03 8.844364897E-04 2.664181618E+03 1.212119688E+06
 1.277191938E+06 2.606380276E+03 8.808752283E-04 2.648596292E+03 1.229571934E+06
 1.292579793E+06 2.592899889E+03 8.773280010E-04 2.633010966E+03 1.247115771E+06
 1.307967647E+06 2.579244910E+03 8.737947538E-04 2.617425640E+03 1.264726588E+06
 1.323355502E+06 2.565965273E+03 8.702754329E-04 2.601840314E+03 1.282341090E+06
 1.338743357E+06 2.552290683E+03 8.667699846E-04 2.586254988E+03 1.300112505E+06
 1.354131211E+06 2.539154127E+03 8.632783555E-04 2.570669662E+03 1.317966418E+06
 1.369519066E+06 2.526035187E+03 8.598004924E-04 2.555084336E+03 1.335720408E+06
 1.384906921E+06 2.512520952E+03 8.563363422E-04 2.539499010E+03 1.353843480E+06
 1.400294775E+06 2.499547053E+03 8.528858521E-04 2.523913684E+03 1.371945974E+06
 1.415682630E+06 2.486587691E+03 8.494489695E-04 2.508328357E+03 1.390133123E+06
 1.431070485E+06 2.473231845E+03 8.460256419E-04 2.492743031E+03 1.408409080E+06
 1.446458339E+06 2.460506212E+03 8.426158170E-04 2.477157705E+03 1.426768242E+06
 1.461846194E+06 2.447611700E+03 8.392194429E-04 2.461572379E+03 1.445214774E+06
 1.477234049E+06 2.434413084E+03 8.358364677E-04 2.445987053E+03 1.463749200E+06
 1.492621903E+06 2.421751114E+03 8.324668397E-04 2.430401727E+03 1.482373298E+06
 1.508009758E+06 2.409105020E+03 8.291105074E-04 2.414816401E+03 1.501086375E+06
 1.523397613E+06 2.396060711E+03 8.257674197E-04 2.399231075E+03 1.519890238E+06
 1.538785467E+06 2.383645749E+03 8.224375253E-04 2.383645749E+03 1.538785467E+06
 1.561621862E+06 2.364607238E+03 8.211630008E-04 2.369952887E+03 1.555191418E+06
 1.584458257E+06 2.346052404E+03 8.156058225E-04 2.356260024E+03 1.571691972E+06
 1.607294652E+06 2.327632771E+03 8.100855488E-04 2.342567162E+03 1.588683501E+06
 1.630131047E+06 2.308967731E+03 8.046019396E-04 2.328874300E+03 1.605344490E+06
 1.652967442E+06 2.290457238E+03 7.991547561E-04 2.315181438E+03 1.622508330E+06
 1.675803837E+06 2.272387077E+03 7.937437612E-04 2.301488576E+03 1.639333289E+06
 1.698640232E+06 2.254452989E+03 7.883687193E-04 2.287795714E+03 1.656265107E+06
 1.721476627E+06 2.236300538E+03 7.830293962E-04 2.274102852E+03 1.673667441E+06
 1.744313022E+06 2.218604600E+03 7.777255593E-04 2.260409990E+03 1.691186004E+06
 1.767149417E+06 2.201037916E+03 7.724569773E-04 2.246717128E+03 1.708349740E+06
 1.789985812E+06 2.183241993E+03 7.672234206E-04 2.233024266E+03 1.725617941E+06
 1.812822207E+06 2.165915471E+03 7.620246610E-04 2.219331404E+03 1.743389713E+06
 1.835658602E+06 2.148709349E+03 7.568604716E-04 2.205638541E+03 1.761275632E+06
 1.858494997E+06 2.131262097E+03 7.517306272E-04 2.191945679E+03 1.778793849E+06
 1.881331392E+06 2.114284443E+03 7.466349039E-04 2.178252817E+03 1.796421383E+06
 1.904167787E+06 2.097431239E+03 7.415730792E-04 2.164559955E+03 1.814579464E+06
 1.927004182E+06 2.080326494E+03 7.365449320E-04 2.150867093E+03 1.832847211E+06
 1.949840577E+06 2.063366292E+03 7.315502428E-04 2.137174231E+03 1.850735921E+06
 1.972676972E+06 2.046831368E+03 7.265887932E-04 2.123481369E+03 1.868739152E+06
 1.995513367E+06 2.030422076E+03 7.216603665E-04 2.109788507E+03 1.887280984E+06
 2.018349762E+06 2.013789745E+03 7.167647472E-04 2.096095645E+03 1.905944238E+06
 2.041186157E+06 1.997598190E+03 7.119017213E-04 2.082402783E+03 1.924222193E+06
 2.064022552E+06 1.981525605E+03 7.070710760E-04 2.068709921E+03 1.942620271E+06
 2.086858947E+06 1.965220260E+03 7.022725999E-04 2.055017058E+03 1.961571051E+06
 2.109695342E+06 1.949389670E+03 6.975060832E-04 2.041324196E+03 1.980645524E+06
 2.132531737E+06 1.933649022E+03 6.927713170E-04 2.027631334E+03 1.999332047E+06
 2.155368132E+06 1.917660874E+03 6.880680942E-04 2.013938472E+03 2.018144726E+06
 2.178204527E+06 1.902129057E+03 6.833962086E-04 2.000245610E+03 2.037517365E+06
 2.201040922E+06 1.886711795E+03 6.787554557E-04 1.986552748E+03 2.057019559E+06
 2.223877317E+06 1.871037774E+03 6.741456320E-04 1.972859886E+03 2.076135881E+06
 2.246713712E+06 1.855826445E+03 6.695665355E-04 1.959167024E+03 2.095392743E+06
 2.269550107E+06 1.840726191E+03 6.650179654E-04 1.945474162E+03 2.115238327E+06
 2.292386502E+06 1.825359913E+03 6.604997222E-04 1.931781300E+03 2.135189739E+06
 2.315222897E+06 1.810127074E+03 6.560116077E-04 1.918088438E+03 2.154754963E+06
 2.338059292E+06 1.795308883E+03 6.515534249E-04 1.904395575E+03 2.174936838E+06
 2.360895687E+06 1.780605768E+03 6.471249782E-04 1.890702713E+03 2.194737454E+06
 2.383732082E+06 1.765667273E+03 6.427260731E-04 1.877009851E+03 2.215153843E+06
 2.406568477E+06 1.751165635E+03 6.383565163E-04 1.863316989E+03 2.235196367E+06
 2.429404872E+06 1.736765277E+03 6.340161161E-04 1.849624127E+03 2.255855479E+06
 2.452241266E+06 1.722119973E+03 6.297046816E-04 1.835931265E+03 2.276655563E+06
 2.475077661E+06 1.707910422E+03 6.254220233E-04 1.822238403E+03 2.297048904E+06
 2.497914056E+06 1.693806302E+03 6.211679529E-04 1.808545541E+03 2.317603990E+06
 2.520750451E+06 1.679449151E+03 6.169422834E-04 1.794852679E+03 2.338749881E+06
 2.543586846E+06 1.665533242E+03 6.127448289E-04 1.781159817E+03 2.360052393E+06
 2.566423241E+06 1.651719501E+03 6.085754047E-04 1.767466954E+03 2.380970736E+06
 2.589259636E+06 1.637644643E+03 6.044338272E-04 1.753774092E+03 2.402544310E+06
 2.612096031E+06 1.624013852E+03 6.003199141E-04 1.740081230E+03 2.424260968E+06
 2.634932426E+06 1.610484565E+03 5.962334843E-04 1.726388368E+03 2.445565637E+06
 2.657768821E+06 1.596686573E+03 5.921743577E-04 1.712695506E+03 2.467552275E+06
 2.680605216E+06 1.583012015E+03 5.881423556E-04 1.699002644E+03 2.489696316E+06
 2.703441611E+06 1.569846504E+03 5.841373001E-04 1.685309782E+03 2.511405150E+06
 2.726278006E+06 1.556680126E+03 5.801590148E-04 1.671616920E+03 2.533299482E+06
 2.749114401E+06 1.543255990E+03 5.762073243E-04 1.657924058E+03 2.555838662E+06
 2.771950796E+06 1.530263827E+03 5.722820541E-04 1.644231196E+03 2.578548728E+06
 2.794787191E+06 1.517368729E+03 5.683830311E-04 1.630538334E+03 2.600864028E+06
 2.817623586E+06 1.504208917E+03 5.645100833E-04 1.616845471E+03 2.623868745E+06
 2.840459981E+06 1.491485772E+03 5.606630396E-04 1.603152609E+03 2.647042804E+06
 2.863296376E+06 1.478856574E+03 5.568417303E-04 1.589459747E+03 2.669808209E+06
 2.886132771E+06 1.465955710E+03 5.530459865E-04 1.575766885E+03 2.693488516E+06
 2.908969166E+06 1.453493509E+03 5.492756405E-04 1.562074023E+03 2.717157434E+06
 2.931805561E+06 1.441124757E+03 5.455305257E-04 1.548381161E+03 2.740372467E+06
 2.954641956E+06 1.428477891E+03 5.418104765E-04 1.534688299E+03 2.764359834E+06
 2.977478351E+06 1.416279766E+03 5.381153285E-04 1.520995437E+03 2.788528401E+06
 3.000314746E+06 1.404166646E+03 5.344449183E-04 1.507302575E+03 2.812237272E+06
 3.023151141E+06 1.391767968E+03 5.307990834E-04 1.493609713E+03 2.836740127E+06
 3.045987536E+06 1.379483888E+03 5.271776625E-04 1.479916851E+03 2.861428367E+06
 3.068823931E+06 1.367593103E+03 5.235804954E-04 1.466223988E+03 2.885655845E+06
 3.091660326E+06 1.355797216E+03 5.200074227E-04 1.452531126E+03 2.910690315E+06
 3.114496721E+06 1.343755691E+03 5.164582862E-04 1.438838264E+03 2.935919452E+06
 3.137333116E+06 1.332111229E+03 5.129329287E-04 1.425145402E+03 2.960692944E+06
 3.160169511E+06 1.320558753E+03 5.094311940E-04 1.411452540E+03 2.986296372E+06
 3.183005906E+06 1.308749312E+03 5.059529268E-04 1.397759678E+03 3.012090179E+06
 3.205842301E+06 1.297349244E+03 5.024979730E-04 1.384066816E+03 3.037437653E+06
 3.228678696E+06 1.286035163E+03 4.990661793E-04 1.370373954E+03 3.063610115E+06
 3.251515091E+06 1.274458851E+03 4.956573935E-04 1.356681092E+03 3.089992817E+06
 3.274351486E+06 1.263322329E+03 4.922714643E-04 1.342988230E+03 3.115958436E+06
 3.297187881E+06 1.252243651E+03 4.889082415E-04 1.329295368E+03 3.143405561E+06
 3.320024276E+06 1.240892493E+03 4.855675758E-04 1.315602505E+03 3.169728764E+06
 3.342860671E+06 1.229959841E+03 4.822493187E-04 1.301909643E+03 3.196950842E+06
 3.365697066E+06 1.219109977E+03 4.789533230E-04 1.288216781E+03 3.224397957E+06
 3.388533460E+06 1.207982878E+03 4.756794421E-04 1.274523919E+03 3.251386156E+06
 3.411369855E+06 1.197277322E+03 4.724275306E-04 1.260831057E+03 3.279318628E+06
 3.434206250E+06 1.186651707E+03 4.691974439E-04 1.247138195E+03 3.307433528E+06
 3.457042645E+06 1.175744117E+03 4.659890383E-04 1.233445333E+03 3.335788213E+06
 3.479879040E+06 1.165258405E+03 4.628021712E-04 1.219752471E+03 3.364384791E+06
 3.502715435E+06 1.154852391E+03 4.596367008E-04 1.206059609E+03 3.392501801E+06
 3.525551830E+06 1.144160173E+03 4.564924862E-04 1.192366747E+03 3.421569568E+06
 3.548388225E+06 1.133898103E+03 4.533693874E-04 1.178673884E+03 3.450888219E+06
 3.571224620E+06 1.123707649E+03 4.502672653E-04 1.164981022E+03 3.480465665E+06
 3.594061015E+06 1.113225778E+03 4.471859819E-04 1.151288160E+03 3.510304514E+06
 3.616897410E+06 1.103169340E+03 4.441253998E-04 1.137595298E+03 3.539690202E+06
 3.639733805E+06 1.093189626E+03 4.410853827E-04 1.123902436E+03 3.570802247E+06
 3.662570200E+06 1.082914793E+03 4.380657949E-04 1.110209574E+03 3.600671787E+06
 3.685406595E+06 1.073067657E+03 4.350665020E-04 1.096516712E+03 3.631580423E+06
 3.708242990E+06 1.063294465E+03 4.320873701E-04 1.082823850E+03 3.662773283E+06
 3.731079385E+06 1.053222471E+03 4.291282664E-04 1.069130988E+03 3.694259751E+06
 3.753915780E+06 1.043577639E+03 4.261890587E-04 1.055438126E+03 3.726037314E+06
 3.776752175E+06 1.034006664E+03 4.232696159E-04 1.041745264E+03 3.758115677E+06
 3.799588570E+06 1.024133719E+03 4.203698077E-04 1.028052401E+03 3.790498618E+06
 3.822424965E+06 1.014359539E+03 4.174895046E-04 1.014359539E+03 3.822424965E+06
 3.932558984E+06 9.684817897E+02 4.070689815E-04 1.004322897E+03 3.846088983E+06
 4.042693003E+06 9.246635357E+02 3.888389263E-04 9.942862546E+02 3.870000823E+06
 4.152827022E+06 8.828079775E+02 3.714149589E-04 9.842496123E+02 3.894139970E+06
 4.262961040E+06 8.428233401E+02 3.547619065E-04 9.742129699E+02 3.918523662E+06
 4.373095059E+06 8.046371459E+02 3.388461097E-04 9.641763275E+02 3.943156910E+06
 4.483229078E+06 7.681592491E+02 3.236353584E-04 9.541396852E+02 3.968059491E+06
 4.593363097E+06 7.333229790E+02 3.090988305E-04 9.441030428E+02 3.993208299E+06
 4.703497116E+06 7.000534971E+02 2.952070328E-04 9.340664004E+02 4.018636656E+06
 4.813631135E+06 6.682742380E+02 2.819317444E-04 9.240297580E+02 4.044323152E+06
 4.923765153E+06 6.379299107E+02 2.692459631E-04 9.139931157E+02 4.070286941E+06
 5.033899172E+06 6.089513077E+02 2.571238528E-04 9.039564733E+02 4.096534087E+06
 5.144033191E+06 5.812779477E+02 2.455406945E-04 8.939198309E+02 4.123086192E+06
 5.254167210E+06 5.548462471E+02 2.344728384E-04 8.838831886E+02 4.149934439E+06
 5.364301229E+06 5.296058817E+02 2.238976582E-04 8.738465462E+02 4.177071814E+06
 5.474435248E+06 5.055097447E+02 2.137935077E-04 8.638099038E+02 4.204519089E+06
 5.584569266E+06 4.825012936E+02 2.041396790E-04 8.537732614E+02 4.232283441E+06
 5.694703285E+06 4.605329604E+02 1.949163619E-04 8.437366191E+02 4.260388655E+06
 5.804837304E+06 4.395513537E+02 1.861046062E-04 8.336999767E+02 4.288754266E+06
 5.914971323E+06 4.195237707E+02 1.776862843E-04 8.236633343E+02 4.317589249E+06
 6.025105342E+06 4.003968837E+02 1.696440565E-04 8.136266919E+02 4.346701036E+06
 6.135239361E+06 3.821413184E+02 1.619613369E-04 8.035900496E+02 4.376186530E+06
 6.245373379E+06 3.647129441E+02 1.546222613E-04 7.935534072E+02 4.406022589E+06
 6.355507398E+06 3.480743359E+02 1.476116559E-04 7.835167648E+02 4.436250782E+06
 6.465641417E+06 3.321850528E+02 1.409150082E-04 7.734801225E+02 4.466848335E+06
 6.575775436E+06 3.170220097E+02 1.345184382E-04 7.634434801E+02 4.497841003E+06
 6.685909455E+06 3.025418879E+02 1.284086712E-04 7.534068377E+02 4.529248950E+06
 6.796043474E+06 2.887278196E+02 1.225730122E-04 7.433701953E+02 4.561085008E+06
 6.906177492E+06 2.755392716E+02 1.169993203E-04 7.333335530E+02 4.593328897E+06
 7.016311511E+06 2.629503905E+02 1.116759854E-04 7.232969106E+02 4.626030365E+06
 7.126445530E+06 2.509292595E+02 1.065919050E-04 7.132602682E+02 4.659166307E+06
 7.236579549E+06 2.394606379E+02 1.017364625E-04 7.032236259E+02 4.692785323E+06
 7.346713568E+06 2.285090506E+02 9.709950618E-05 6.931869835E+02 4.726864401E+06
 7.456847587E+06 2.180637080E+02 9.267132893E-05 6.831503411E+02 4.761454258E+06
 7.566981605E+06 2.080917088E+02 8.844264935E-05 6.731136987E+02 4.796532074E+06
 7.677115624E+06 1.985764635E+02 8.440459319E-05 6.630770564E+02 4.832151160E+06
 7.787249643E+06 1.894958292E+02 8.054867573E-05 6.530404140E+02 4.868288407E+06
 7.897383662E+06 1.808246173E+02 7.686678494E-05 6.430037716E+02 4.904999870E+06
 8.007517681E+06 1.725552196E+02 7.335116534E-05 6.329671293E+02 4.942262965E+06
 8.117651700E+06 1.646643557E+02 6.999440253E-05 6.229304869E+02 4.980136718E+06
 8.227785718E+06 1.571344850E+02 6.678940840E-05 6.128938445E+02 5.018619519E+06
 8.337919737E+06 1.499495442E+02 6.372940698E-05 6.028572021E+02 5.057710972E+06
 8.448053756E+06 1.430938218E+02 6.080792086E-05 5.928205598E+02 5.097451560E+06
 8.558187775E+06 1.365480410E+02 5.801875824E-05 5.827839174E+02 5.137888138E+06
 8.668321794E+06 1.303068785E+02 5.535600048E-05 5.727472750E+02 5.179019447E+06
 8.778455813E+06 1.243522668E+02 5.281399023E-05 5.627106326E+02 5.220848180E+06
 8.888589831E+06 1.186711342E+02 5.038732007E-05 5.526739903E+02 5.263446398E+06
 8.998723850E+06 1.132455995E+02 4.807082158E-05 5.426373479E+02 5.306817993E+06
 9.108857869E+06 1.080750989E+02 4.585955494E-05 5.326007055E+02 5.350967856E+06
 9.218991888E+06 1.031422803E+02 4.374879896E-05 5.225640632E+02 5.395975072E+06
 9.329125907E+06 9.839968061E+01 4.173404152E-05 5.125274208E+02 5.441847003E+06
 9.439259926E+06 9.394762757E+01 3.981097046E-05 5.024907784E+02 5.488592463E+06
 9.549393944E+06 8.966391875E+01 3.797546481E-05 4.924541360E+02 5.536299183E+06
 9.659527963E+06 8.557932599E+01 3.622358644E-05 4.824174937E+02 5.584979640E+06
 9.769661982E+06 8.168324100E+01 3.455157209E-05 4.723808513E+02 5.634646947E+06
 9.879796001E+06 7.796698271E+01 3.295582562E-05 4.623442089E+02 5.685432591E+06
 9.989930020E+06 7.442260608E+01 3.143291079E-05 4.523075666E+02 5.737263257E+06
 1.010006404E+07 7.104183093E+01 2.997954419E-05 4.422709242E+02 5.790275332E+06
 1.021019806E+07 6.781187172E+01 2.859258853E-05 4.322342818E+02 5.844494381E+06
 1.032033208E+07 6.473670760E+01 2.726904625E-05 4.221976394E+02 5.899946241E+06
 1.043046610E+07 6.180386061E+01 2.600605336E-05 4.121609971E+02 5.956784262E+06
 1.054060011E+07 5.900781095E+01 2.480087358E-05 4.021243547E+02 6.014949384E+06
 1.065073413E+07 5.634043090E+01 2.365089271E-05 3.920877123E+02 6.074605264E+06
 1.076086815E+07 5.379677917E+01 2.255361328E-05 3.820510700E+02 6.135796353E+06
 1.087100217E+07 5.137109653E+01 2.150664935E-05 3.720144276E+02 6.198605828E+06
 1.098113619E+07 4.905823016E+01 2.050772167E-05 3.619777852E+02 6.263119172E+06
 1.109127021E+07 4.685257344E+01 1.955465291E-05 3.519411428E+02 6.329433687E+06
 1.120140423E+07 4.474945292E+01 1.864536319E-05 3.419045005E+02 6.397653352E+06
 1.131153825E+07 4.274407047E+01 1.777786580E-05 3.318678581E+02 6.467929907E+06
 1.142167226E+07 4.083347182E+01 1.695026303E-05 3.218312157E+02 6.540272901E+06
 1.153180628E+07 3.900873747E+01 1.616074225E-05 3.117945733E+02 6.614973564E+06
 1.164194030E+07 3.727051873E+01 1.540757219E-05 3.017579310E+02 6.692018115E+06
 1.175207432E+07 3.561332221E+01 1.468909927E-05 2.917212886E+02 6.771763077E+06
 1.186220834E+07 3.403332584E+01 1.400374421E-05 2.816846462E+02 6.854219108E+06
 1.197234236E+07 3.252723090E+01 1.334999870E-05 2.716480039E+02 6.939647625E+06
 1.208247638E+07 3.109655378E+01 1.272642228E-05 2.616113615E+02 7.028323532E+06
 1.219261040E+07 2.972762604E+01 1.213163932E-05 2.515747191E+02 7.120402775E+06
 1.230274442E+07 2.842259283E+01 1.156433611E-05 2.415380767E+02 7.216210824E+06
 1.241287843E+07 2.717940246E+01 1.102325818E-05 2.315014344E+02 7.316123496E+06
 1.252301245E+07 2.599350729E+01 1.050720756E-05 2.214647920E+02 7.420462896E+06
 1.263314647E+07 2.486311158E+01 1.001504038E-05 2.114281496E+02 7.529528236E+06
 1.274328049E+07 2.378556206E+01 9.545664373E-06 2.013915073E+02 7.643967450E+06
 1.285341451E+07 2.275864635E+01 9.098036615E-06 1.913548649E+02 7.764239415E+06
 1.296354853E+07 2.177962245E+01 8.671161323E-06 1.813182225E+02 7.890978577E+06
 1.307368255E+07 2.084649684E+01 8.264087742E-06 1.712815801E+02 8.024923367E+06
 1.318381657E+07 1.995705084E+01 7.875908143E-06 1.612449378E+02 8.167034478E+06
 1.329395058E+07 1.911313114E+01 7.505755896E-06 1.512082954E+02 8.318276955E+06
 1.340408460E+07 1.830517476E+01 7.152803636E-06 1.411716530E+02 8.479832264E+06
 1.351421862E+07 1.753516536E+01 6.816261504E-06 1.311350107E+02 8.653433216E+06
 1.362435264E+07 1.680123924E+01 6.495375470E-06 1.210983683E+02 8.840886333E+06
 1.373448666E+07 1.610197521E+01 6.189425729E-06 1.110617259E+02 9.044633191E+06
 1.384462068E+07 1.543531895E+01 5.897725166E-06 1.010250835E+02 9.267917362E+06
 1.395475470E+07 1.480561710E+01 5.619617892E-06 9.098844116E+01 9.514708220E+06
 1.406488872E+07 1.420111686E+01 5.354477841E-06 8.095179879E+01 9.791024907E+06
 1.417502274E+07 1.362416051E+01 5.101707431E-06 7.091515642E+01 1.010428023E+07
 1.428515675E+07 1.307968705E+01 4.860736286E-06 6.087851405E+01 1.046643935E+07
 1.439529077E+07 1.255579996E+01 4.631020015E-06 5.084187168E+01 1.089562332E+07
 1.450542479E+07 1.205672548E+01 4.412039036E-06 4.080522930E+01 1.142332945E+07
 1.461555881E+07 1.158090833E+01 4.203297468E-06 3.076858693E+01 1.210819166E+07
 1.472569283E+07 1.112748155E+01 4.004322058E-06 2.073194456E+01 1.308740478E+07
 1.483582685E+07 1.069530219E+01 3.814661162E-06 1.069530219E+01 1.483582685E+07
 1.503932542E+07 9.923144549E+00 3.655823457E-06 1.058839028E+01 1.486312289E+07
 1.524282398E+07 9.206045234E+00 3.395063050E-06 1.048147836E+01 1.489069219E+07
 1.544632255E+07 8.540132404E+00 3.152659086E-06 1.037456645E+01 1.491854033E+07
 1.564982112E+07 7.921772708E+00 2.927337014E-06 1.026765454E+01 1.494667146E+07
 1.585331968E+07 7.347629573E+00 2.717909510E-06 1.016074263E+01 1.497509319E+07
 1.605681825E+07 6.814592393E+00 2.523270598E-06 1.005383072E+01 1.500381007E+07
 1.626031682E+07 6.319744852E+00 2.342390159E-06 9.946918806E+00 1.503282977E+07
 1.646381538E+07 5.860380306E+00 2.174308807E-06 9.840006894E+00 1.506216180E+07
 1.666731395E+07 5.433994559E+00 2.018133106E-06 9.733094982E+00 1.509180995E+07
 1.687081252E+07 5.038244505E+00 1.873031104E-06 9.626183071E+00 1.512178114E+07
 1.707431109E+07 4.670976935E+00 1.738228160E-06 9.519271159E+00 1.515208256E+07
 1.727780965E+07 4.330136869E+00 1.613003064E-06 9.412359247E+00 1.518272160E+07
 1.748130822E+07 4.013886131E+00 1.496684395E-06 9.305447335E+00 1.521370593E+07
 1.768480679E+07 3.720423830E+00 1.388647145E-06 9.198535424E+00 1.524503693E+07
 1.788830535E+07 3.448197177E+00 1.288309551E-06 9.091623512E+00 1.527673848E+07
 1.809180392E+07 3.195650880E+00 1.195130148E-06 8.984711600E+00 1.530880641E+07
 1.829530249E+07 2.961314776E+00 1.108605021E-06 8.877799688E+00 1.534125233E+07
 1.849880106E+07 2.743984353E+00 1.028265236E-06 8.770887777E+00 1.537408457E+07
 1.870229962E+07 2.542430763E+00 9.536744488E-07 8.663975865E+00 1.540731726E+07
 1.890579819E+07 2.355489623E+00 8.844266728E-07 8.557063953E+00 1.544095704E+07
 1.910929676E+07 2.182126936E+00 8.201441969E-07 8.450152041E+00 1.547501408E+07
 1.931279532E+07 2.021392381E+00 7.604756451E-07 8.343240129E+00 1.550949535E+07
 1.951629389E+07 1.872334324E+00 7.050941665E-07 8.236328218E+00 1.554441896E+07
 1.971979246E+07 1.734144535E+00 6.536957486E-07 8.129416306E+00 1.557978912E+07
 1.992329102E+07 1.606033704E+00 6.059976437E-07 8.022504394E+00 1.561562125E+07
 2.012678959E+07 1.487269996E+00 5.617369034E-07 7.915592482E+00 1.565193322E+07
 2.033028816E+07 1.377190062E+00 5.206690115E-07 7.808680571E+00 1.568873045E+07
 2.053378673E+07 1.275162854E+00 4.825666103E-07 7.701768659E+00 1.572602626E+07
 2.073728529E+07 1.180631480E+00 4.472183138E-07 7.594856747E+00 1.576383069E+07
 2.094078386E+07 1.092963686E+00 4.144276015E-07 7.487944835E+00 1.580217162E+07
 2.114428243E+07 1.011759303E+00 3.840117877E-07 7.381032924E+00 1.584105655E+07
 2.134778099E+07 9.365231680E-01 3.558010613E-07 7.274121012E+00 1.588050123E+07
 2.155127956E+07 8.668070290E-01 3.296375910E-07 7.167209100E+00 1.592052215E+07
 2.175477813E+07 8.022362397E-01 3.053746922E-07 7.060297188E+00 1.596113651E+07
 2.195827669E+07 7.424073466E-01 2.828760508E-07 6.953385277E+00 1.600236230E+07
 2.216177526E+07 6.870028290E-01 2.620150000E-07 6.846473365E+00 1.604421835E+07
 2.236527383E+07 6.356755843E-01 2.426738470E-07 6.739561453E+00 1.608671668E+07
 2.256877240E+07 5.881396963E-01 2.247432464E-07 6.632649541E+00 1.612989106E+07
 2.277227096E+07 5.440966438E-01 2.081216157E-07 6.525737629E+00 1.617375568E+07
 2.297576953E+07 5.033399146E-01 1.927145924E-07 6.418825718E+00 1.621833952E+07
 2.317926810E+07 4.655954580E-01 1.784345275E-07 6.311913806E+00 1.626366222E+07
 2.338276666E+07 4.306500807E-01 1.652000145E-07 6.205001894E+00 1.630974410E+07
 2.358626523E+07 3.982982838E-01 1.529354508E-07 6.098089982E+00 1.635661664E+07
 2.378976380E+07 3.683611855E-01 1.415706298E-07 5.991178071E+00 1.640431166E+07
 2.399326236E+07 3.406165445E-01 1.310403606E-07 5.884266159E+00 1.645285407E+07
 2.419676093E+07 3.149589434E-01 1.212841149E-07 5.777354247E+00 1.650226943E+07
 2.440025950E+07 2.912136212E-01 1.122456978E-07 5.670442335E+00 1.655259072E+07
 2.460375807E+07 2.692178849E-01 1.038729420E-07 5.563530424E+00 1.660386745E+07
 2.480725663E+07 2.488823438E-01 9.611742244E-08 5.456618512E+00 1.665612592E+07
 2.501075520E+07 2.300803718E-01 8.893419222E-08 5.349706600E+00 1.670940475E+07
 2.521425377E+07 2.126592849E-01 8.228153556E-08 5.242794688E+00 1.676373799E+07
 2.541775233E+07 1.965462854E-01 7.612073881E-08 5.135882777E+00 1.681918115E+07
 2.562125090E+07 1.816458746E-01 7.041587730E-08 5.028970865E+00 1.687576849E+07
 2.582474947E+07 1.678638832E-01 6.513361702E-08 4.922058953E+00 1.693356423E+07
 2.602824804E+07 1.551169861E-01 6.024303029E-08 4.815147041E+00 1.699261242E+07
 2.623174660E+07 1.433262731E-01 5.571542439E-08 4.708235130E+00 1.705296274E+07
 2.643524517E+07 1.324165470E-01 5.152418209E-08 4.601323218E+00 1.711467471E+07
 2.663874374E+07 1.223286571E-01 4.764461359E-08 4.494411306E+00 1.717783438E+07
 2.684224230E+07 1.130204714E-01 4.405381869E-08 4.387499394E+00 1.724248299E+07
 2.704574087E+07 1.043743102E-01 4.073055883E-08 4.280587482E+00 1.730870558E+07
 2.724923944E+07 9.641540916E-02 3.765513807E-08 4.173675571E+00 1.737658953E+07
 2.745273800E+07 8.904210876E-02 3.480929250E-08 4.066763659E+00 1.744621051E+07
 2.765623657E+07 8.224076367E-02 3.217608746E-08 3.959851747E+00 1.751764861E+07
 2.785973514E+07 7.593577469E-02 2.973982208E-08 3.852939835E+00 1.759102775E+07
 2.806323371E+07 7.011535203E-02 2.748594053E-08 3.746027924E+00 1.766642925E+07
 2.826673227E+07 6.472759558E-02 2.540094958E-08 3.639116012E+00 1.774400495E+07
 2.847023084E+07 5.976261199E-02 2.347234204E-08 3.532204100E+00 1.782386362E+07
 2.867372941E+07 5.519968042E-02 2.168852563E-08 3.425292188E+00 1.790614473E+07
 2.887722797E+07 5.091851845E-02 2.003875688E-08 3.318380277E+00 1.799100094E+07
 2.908072654E+07 4.700854981E-02 1.851307981E-08 3.211468365E+00 1.807859988E+07
 2.928422511E+07 4.338746585E-02 1.710226889E-08 3.104556453E+00 1.816908662E+07
 2.948772367E+07 4.004109261E-02 1.579777620E-08 2.997644541E+00 1.826273377E+07
 2.969122224E+07 3.694229646E-02 1.459168220E-08 2.890732630E+00 1.835973870E+07
 2.989472081E+07 3.409254972E-02 1.347665020E-08 2.783820718E+00 1.846034015E+07
 3.009821938E+07 3.145703232E-02 1.244588395E-08 2.676908806E+00 1.856484151E+07
 3.030171794E+07 2.902384246E-02 1.149308835E-08 2.569996894E+00 1.867353493E+07
 3.050521651E+07 2.676841986E-02 1.061243295E-08 2.463084982E+00 1.878680536E+07
 3.070871508E+07 2.470004087E-02 9.798518107E-09 2.356173071E+00 1.890503775E+07
 3.091221364E+07 2.278353142E-02 9.046343502E-09 2.249261159E+00 1.902866470E+07
 3.111571221E+07 2.102700011E-02 8.351279019E-09 2.142349247E+00 1.915823428E+07
 3.131921078E+07 1.938177020E-02 7.709037655E-09 2.035437335E+00 1.929438650E+07
 3.152270934E+07 1.788030150E-02 7.115650414E-09 1.928525424E+00 1.943775766E+07
 3.172620791E+07 1.647165357E-02 6.567443004E-09 1.821613512E+00 1.958920664E+07
 3.192970648E+07 1.519657383E-02 6.061014227E-09 1.714701600E+00 1.974969934E+07
 3.213320505E+07 1.401051345E-02 5.593215930E-09 1.607789688E+00 1.992039424E+07
 3.233670361E+07 1.292040271E-02 5.161134407E-09 1.500877777E+00 2.010266781E+07
 3.254020218E+07 1.190561551E-02 4.762073155E-09 1.393965865E+00 2.029825193E+07
 3.274370075E+07 1.097456547E-02 4.393536878E-09 1.287053953E+00 2.050925084E+07
 3.294719931E+07 1.011834572E-02 4.053216655E-09 1.180142041E+00 2.073838026E+07
 3.315069788E+07 9.330949925E-03 3.738976190E-09 1.073230130E+00 2.098884739E+07
 3.335419645E+07 8.594155208E-03 3.448839060E-09 9.663182178E-01 2.126533235E+07
 3.355769502E+07 7.915518341E-03 3.180976898E-09 8.594063060E-01 2.157385351E+07
 3.376119358E+07 7.299527832E-03 2.933698431E-09 7.524943943E-01 2.192287132E+07
 3.396469215E+07 6.745024272E-03 2.705439324E-09 6.455824825E-01 2.232473465E+07
 3.416819072E+07 6.198550817E-03 2.494752773E-09 5.386705707E-01 2.279849325E+07
 3.437168928E+07 5.710533582E-03 2.300300771E-09 4.317586590E-01 2.337605771E+07
 3.457518785E+07 5.246698445E-03 2.120846032E-09 3.248467472E-01 2.411644276E+07
 3.477868642E+07 4.850519230E-03 1.955244492E-09 2.179348354E-01 2.515132098E+07
 3.498218498E+07 4.461043889E-03 1.802438374E-09 1.110229237E-01 2.688820942E+07
 3.518568355E+07 4.111011908E-03 1.661449755E-09 4.111011908E-03 3.518568400E+07
 3.522679367E+07 4.069901789E-03 1.000000000E-09 4.069901789E-03 3.522679368E+07
 3.526790379E+07 4.028791670E-03 1.000000000E-09 4.028791670E-03 3.526790379E+07
 3.530901391E+07 3.987681551E-03 1.000000000E-09 3.987681551E-03 3.530901391E+07
 3.535012403E+07 3.946571431E-03 1.000000000E-09 3.946571431E-03 3.535012403E+07
 3.539123415E+07 3.905461312E-03 1.000000000E-09 3.905461312E-03 3.539123400E+07
 3.543234427E+07 3.864351193E-03 1.000000000E-09 3.864351193E-03 3.543234427E+07
 3.547345438E+07 3.823241074E-03 1.000000000E-09 3.823241074E-03 3.547345438E+07
 3.551456450E+07 3.782130955E-03 1.000000000E-09 3.782130955E-03 3.551456462E+07
 3.555567462E+07 3.741020836E-03 1.000000000E-09 3.741020836E-03 3.555567462E+07
 3.559678474E+07 3.699910717E-03 1.000000000E-09 3.699910717E-03 3.559678400E+07
 3.563789486E+07 3.658800598E-03 1.000000000E-09 3.658800598E-03 3.563789486E+07
 3.567900498E+07 3.617690479E-03 1.000000000E-09 3.617690479E-03 3.567900494E+07
 3.572011510E+07 3.576580360E-03 1.000000000E-09 3.576580360E-03 3.572011500E+07
 3.576122522E+07 3.535470241E-03 1.000000000E-09 3.535470241E-03 3.576122522E+07
 3.580233534E+07 3.494360122E-03 1.000000000E-09 3.494360122E-03 3.580236800E+07
 3.584344546E+07 3.453250003E-03 1.000000000E-09 3.453250003E-03 3.584344550E+07
 3.588455558E+07 3.412139883E-03 1.000000000E-09 3.412139883E-03 3.588455500E+07
 3.592566569E+07 3.371029764E-03 1.000000000E-09 3.371029764E-03 3.592566569E+07
 3.596677581E+07 3.329919645E-03 1.000000000E-09 3.329919645E-03 3.596677400E+07
 3.600788593E+07 3.288809526E-03 1.000000000E-09 3.288809526E-03 3.600789296E+07
 3.604899605E+07 3.247699407E-03 1.000000000E-09 3.247699407E-03 3.604899606E+07
 3.609010617E+07 3.206589288E-03 1.000000000E-09 3.206589288E-03 3.609011200E+07
 3.613121629E+07 3.165479169E-03 1.000000000E-09 3.165479169E-03 3.613121629E+07
 3.617232641E+07 3.124369050E-03 1.000000000E-09 3.124369050E-03 3.617232700E+07
 3.621343653E+07 3.083258931E-03 1.000000000E-09 3.083258931E-03 3.621343700E+07
 3.625454665E+07 3.042148812E-03 1.000000000E-09 3.042148812E-03 3.625454600E+07
 3.629565677E+07 3.001038693E-03 1.000000000E-09 3.001038693E-03 3.629566400E+07
 3.633676689E+07 2.959928574E-03 1.000000000E-09 2.959928574E-03 3.633676689E+07
 3.637787700E+07 2.918818455E-03 1.000000000E-09 2.918818455E-03 3.637787700E+07
 3.641898712E+07 2.877708335E-03 1.000000000E-09 2.877708335E-03 3.641898719E+07
 3.646009724E+07 2.836598216E-03 1.000000000E-09 2.836598216E-03 3.646009725E+07
 3.650120736E+07 2.795488097E-03 1.000000000E-09 2.795488097E-03 3.650121600E+07
 3.654231748E+07 2.754377978E-03 1.000000000E-09 2.754377978E-03 3.654231749E+07
 3.658342760E+07 2.713267859E-03 1.000000000E-09 2.713267859E-03 3.658342780E+07
 3.662453772E+07 2.672157740E-03 1.000000000E-09 2.672157740E-03 3.662454400E+07
 3.666564784E+07 2.631047621E-03 1.000000000E-09 2.631047621E-03 3.666564800E+07
 3.670675796E+07 2.589937502E-03 1.000000000E-09 2.589937502E-03 3.670676800E+07
 3.674786808E+07 2.548827383E-03 1.000000000E-09 2.548827383E-03 3.674786808E+07
 3.678897820E+07 2.507717264E-03 1.000000000E-09 2.507717264E-03 3.678898100E+07
 3.683008831E+07 2.466607145E-03 1.000000000E-09 2.466607145E-03 3.683008837E+07
 3.687119843E+07 2.425497026E-03 1.000000000E-09 2.425497026E-03 3.687119922E+07
 3.691230855E+07 2.384386906E-03 1.000000000E-09 2.384386906E-03 3.691230856E+07
 3.695341867E+07 2.343276787E-03 1.000000000E-09 2.343276787E-03 3.695342134E+07
 3.699452879E+07 2.302166668E-03 1.000000000E-09 2.302166668E-03 3.699452881E+07
 3.703563891E+07 2.261056549E-03 1.000000000E-09 2.261056549E-03 3.703566400E+07
 3.707674903E+07 2.219946430E-03 1.000000000E-09 2.219946430E-03 3.707674903E+07
 3.711785915E+07 2.178836311E-03 1.000000000E-09 2.178836311E-03 3.711784957E+07
 3.715896927E+07 2.137726192E-03 1.000000000E-09 2.137726192E-03 3.715896927E+07
 3.720007939E+07 2.096616073E-03 1.000000000E-09 2.096616073E-03 3.720008509E+07
 3.724118951E+07 2.055505954E-03 1.000000000E-09 2.055505954E-03 3.724120000E+07
 3.728229962E+07 2.014395835E-03 1.000000000E-09 2.014395835E-03 3.728230181E+07
 3.732340974E+07 1.973285716E-03 1.000000000E-09 1.973285716E-03 3.732341000E+07
 3.736451986E+07 1.932175597E-03 1.000000000E-09 1.932175597E-03 3.736451987E+07
 3.740562998E+07 1.891065478E-03 1.000000000E-09 1.891065478E-03 3.740560000E+07
 3.744674010E+07 1.849955358E-03 1.000000000E-09 1.849955358E-03 3.744676800E+07
 3.748785022E+07 1.808845239E-03 1.000000000E-09 1.808845239E-03 3.748785022E+07
 3.752896034E+07 1.767735120E-03 1.000000000E-09 1.767735120E-03 3.752896034E+07
 3.757007046E+07 1.726625001E-03 1.000000000E-09 1.726625001E-03 3.757007046E+07
 3.761118058E+07 1.685514882E-03 1.000000000E-09 1.685514882E-03 3.761117900E+07
 3.765229070E+07 1.644404763E-03 1.000000000E-09 1.644404763E-03 3.765229070E+07
 3.769340082E+07 1.603294644E-03 1.000000000E-09 1.603294644E-03 3.769340075E+07
 3.773451093E+07 1.562184525E-03 1.000000000E-09 1.562184525E-03 3.773448320E+07
 3.777562105E+07 1.521074406E-03 1.000000000E-09 1.521074406E-03 3.777562105E+07
 3.781673117E+07 1.479964287E-03 1.000000000E-09 1.479964287E-03 3.781673117E+07
 3.785784129E+07 1.438854168E-03 1.000000000E-09 1.438854168E-03 3.785784100E+07
 3.789895141E+07 1.397744049E-03 1.000000000E-09 1.397744049E-03 3.789896076E+07
 3.794006153E+07 1.356633930E-03 1.000000000E-09 1.356633930E-03 3.794006153E+07
 3.798117165E+07 1.315523810E-03 1.000000000E-09 1.315523810E-03 3.798117156E+07
 3.802228177E+07 1.274413691E-03 1.000000000E-09 1.274413691E-03 3.802228188E+07
 3.806339189E+07 1.233303572E-03 1.000000000E-09 1.233303572E-03 3.806339187E+07
 3.810450201E+07 1.192193453E-03 1.000000000E-09 1.192193453E-03 3.810453839E+07
 3.814561213E+07 1.151083334E-03 1.000000000E-09 1.151083334E-03 3.814561219E+07
 3.818672224E+07 1.109973215E-03 1.000000000E-09 1.109973215E-03 3.818672225E+07
 3.822783236E+07 1.068863096E-03 1.000000000E-09 1.068863096E-03 3.822783236E+07
 3.826894248E+07 1.027752977E-03 1.000000000E-09 1.027752977E-03 3.826894300E+07
 3.831005260E+07 9.866428579E-04 1.000000000E-09 9.866428579E-04 3.831005260E+07
 3.835116272E+07 9.455327388E-04 1.000000000E-09 9.455327388E-04 3.835114305E+07
 3.839227284E+07 9.044226197E-04 1.000000000E-09 9.044226197E-04 3.839227722E+07
 3.843338296E+07 8.633125006E-04 1.000000000E-09 8.633125006E-04 3.843338296E+07
 3.847449308E+07 8.222023816E-04 1.000000000E-09 8.222023816E-04 3.847449454E+07
 3.851560320E+07 7.810922625E-04 1.000000000E-09 7.810922625E-04 3.851561600E+07
 3.855671332E+07 7.399821434E-04 1.000000000E-09 7.399821434E-04 3.855671332E+07
 3.859782343E+07 6.988720243E-04 1.000000000E-09 6.988720243E-04 3.859784000E+07
 3.863893355E+07 6.577619052E-04 1.000000000E-09 6.577619052E-04 3.863893356E+07
 3.868004367E+07 6.166517862E-04 1.000000000E-09 6.166517862E-04 3.868004400E+07
 3.872115379E+07 5.755416671E-04 1.000000000E-09 5.755416671E-04 3.872115200E+07
 3.876226391E+07 5.344315480E-04 1.000000000E-09 5.344315480E-04 3.876224000E+07
 3.880337403E+07 4.933214289E-04 1.000000000E-09 4.933214289E-04 3.880337403E+07
 3.884448415E+07 4.522113099E-04 1.000000000E-09 4.522113099E-04 3.884449007E+07
 3.888559427E+07 4.111011908E-04 1.000000000E-09 4.111011908E-04 3.888559431E+07
 3.892670439E+07 3.699910717E-04 1.000000000E-09 3.699910717E-04 3.892670400E+07
 3.896781451E+07 3.288809526E-04 1.000000000E-09 3.288809526E-04 3.896781451E+07
 3.900892463E+07 2.877708335E-04 1.000000000E-09 2.877708335E-04 3.900892463E+07
 3.905003474E+07 2.466607145E-04 1.000000000E-09 2.466607145E-04 3.905003475E+07
 3.909114486E+07 2.055505954E-04 1.000000000E-09 2.055505954E-04 3.909114493E+07
 3.913225498E+07 1.644404763E-04 1.000000000E-09 1.644404763E-04 3.913225600E+07
 3.917336510E+07 1.233303572E-04 1.000000000E-09 1.233303572E-04 3.917337055E+07
 3.921447522E+07 8.222023816E-05 1.000000000E-09 8.222023816E-05 3.921447761E+07
 3.925558534E+07 4.111011908E-05 1.000000000E-09 4.111011908E-05 3.925561526E+07
