DENSITY AND THICKNESS DATA OF THE ATMOSPHERE AT AN ZENITH ANGLE OF 84.0 DEGREES
 0.000000000E+00 9.091060108E+03 1.229805824E-03 9.091060108E+03 0.000000000E+00
 3.723783039E+04 9.045548428E+03 1.224999006E-03 9.053288909E+03 3.080360606E+04
 7.447566078E+04 8.999987223E+03 1.220208334E-03 9.015517710E+03 6.170739853E+04
 1.117134912E+05 8.954604273E+03 1.215433765E-03 8.977746511E+03 9.271024615E+04
 1.489513216E+05 8.909398538E+03 1.210675256E-03 8.939975311E+03 1.238138784E+05
 1.861891519E+05 8.864603698E+03 1.205932766E-03 8.902204112E+03 1.550185976E+05
 2.234269823E+05 8.819749677E+03 1.201206253E-03 8.864432913E+03 1.863292030E+05
 2.606648127E+05 8.775071538E+03 1.196495673E-03 8.826661714E+03 2.175484329E+05
 2.979026431E+05 8.730568238E+03 1.191800985E-03 8.788890515E+03 2.490593525E+05
 3.351404735E+05 8.686240535E+03 1.187122148E-03 8.751119316E+03 2.806741388E+05
 3.723783039E+05 8.642085604E+03 1.182459118E-03 8.713348117E+03 3.122051272E+05
 4.096161343E+05 8.598104204E+03 1.177811855E-03 8.675576918E+03 3.440292848E+05
 4.468539647E+05 8.554295311E+03 1.173180316E-03 8.637805719E+03 3.759587720E+05
 4.840917950E+05 8.510734253E+03 1.168564459E-03 8.600034520E+03 4.079954123E+05
 5.213296254E+05 8.467268595E+03 1.163964244E-03 8.562263321E+03 4.401395777E+05
 5.585674558E+05 8.423974145E+03 1.159379627E-03 8.524492122E+03 4.724578705E+05
 5.958052862E+05 8.381076919E+03 1.154810568E-03 8.486720923E+03 5.048202429E+05
 6.330431166E+05 8.338121031E+03 1.150257026E-03 8.448949723E+03 5.372927847E+05
 6.702809470E+05 8.295334624E+03 1.145718958E-03 8.411178524E+03 5.696792062E+05
 7.075187774E+05 8.252716681E+03 1.141196323E-03 8.373407325E+03 6.023733813E+05
 7.447566078E+05 8.210500475E+03 1.136689080E-03 8.335636126E+03 6.351789965E+05
 7.819944381E+05 8.168216662E+03 1.132197188E-03 8.297864927E+03 6.680979971E+05
 8.192322685E+05 8.126100049E+03 1.127720605E-03 8.260093728E+03 7.011308174E+05
 8.564700989E+05 8.084149621E+03 1.123259290E-03 8.222322529E+03 7.342825859E+05
 8.937079293E+05 8.042366153E+03 1.118813203E-03 8.184551330E+03 7.675459495E+05
 9.309457597E+05 8.000746852E+03 1.114382302E-03 8.146780131E+03 8.009260388E+05
 9.681835901E+05 7.959292497E+03 1.109966546E-03 8.109008932E+03 8.342239677E+05
 1.005421420E+06 7.918002090E+03 1.105565895E-03 8.071237733E+03 8.678385105E+05
 1.042659251E+06 7.877120156E+03 1.101180307E-03 8.033466534E+03 9.015732169E+05
 1.079897081E+06 7.836154919E+03 1.096809742E-03 7.995695335E+03 9.354270557E+05
 1.117134912E+06 7.795351950E+03 1.092454158E-03 7.957924136E+03 9.694020903E+05
 1.154372742E+06 7.754712027E+03 1.088113517E-03 7.920152936E+03 1.003498851E+06
 1.191610572E+06 7.714461159E+03 1.083787776E-03 7.882381737E+03 1.037735258E+06
 1.228848403E+06 7.674140949E+03 1.079476896E-03 7.844610538E+03 1.072078722E+06
 1.266086233E+06 7.633980797E+03 1.075180835E-03 7.806839339E+03 1.106547132E+06
 1.303324064E+06 7.593985083E+03 1.070899554E-03 7.769068140E+03 1.141141063E+06
 1.340561894E+06 7.554143830E+03 1.066633013E-03 7.731296941E+03 1.175862691E+06
 1.377799724E+06 7.514461450E+03 1.062381170E-03 7.693525742E+03 1.210711021E+06
 1.415037555E+06 7.474936958E+03 1.058143986E-03 7.655754543E+03 1.245688258E+06
 1.452275385E+06 7.435797410E+03 1.053921421E-03 7.617983344E+03 1.280795027E+06
 1.489513216E+06 7.396586035E+03 1.049713434E-03 7.580212145E+03 1.316245776E+06
 1.526751046E+06 7.357530920E+03 1.045519986E-03 7.542440946E+03 1.351615494E+06
 1.563988876E+06 7.318410593E+03 1.041341037E-03 7.504669747E+03 1.387117822E+06
 1.601226707E+06 7.279971250E+03 1.037176547E-03 7.466898548E+03 1.422755092E+06
 1.638464537E+06 7.241381747E+03 1.033026475E-03 7.429127348E+03 1.458526314E+06
 1.675702367E+06 7.202946816E+03 1.028890783E-03 7.391356149E+03 1.494433853E+06
 1.712940198E+06 7.164892895E+03 1.024769431E-03 7.353584950E+03 1.530695376E+06
 1.750178028E+06 7.126763076E+03 1.020662379E-03 7.315813751E+03 1.566668125E+06
 1.787415859E+06 7.088786241E+03 1.016569587E-03 7.278042552E+03 1.603062790E+06
 1.824653689E+06 7.051191183E+03 1.012491017E-03 7.240271353E+03 1.639525845E+06
 1.861891519E+06 7.013521046E+03 1.008426628E-03 7.202500154E+03 1.676130999E+06
 1.899129350E+06 6.975997270E+03 1.004376381E-03 7.164728955E+03 1.713098076E+06
 1.936367180E+06 6.938624380E+03 1.000340238E-03 7.126957756E+03 1.749989788E+06
 1.973605011E+06 6.901401407E+03 9.963181580E-04 7.089186557E+03 1.787027214E+06
 2.010842841E+06 6.864329163E+03 9.923101031E-04 7.051415358E+03 1.824435274E+06
 2.048080671E+06 6.827404919E+03 9.883160339E-04 7.013644159E+03 1.861771081E+06
 2.085318502E+06 6.790855523E+03 9.843359113E-04 6.975872960E+03 1.899251457E+06
 2.122556332E+06 6.754245204E+03 9.803696964E-04 6.938101761E+03 1.936882647E+06
 2.159794162E+06 6.717541270E+03 9.764173504E-04 6.900330561E+03 1.974665554E+06
 2.197031993E+06 6.681658301E+03 9.724788344E-04 6.862559362E+03 2.012602860E+06
 2.234269823E+06 6.645467944E+03 9.685541097E-04 6.824788163E+03 2.050920153E+06
 2.271507654E+06 6.609424745E+03 9.646431376E-04 6.787016964E+03 2.089165680E+06
 2.308745484E+06 6.573525934E+03 9.607458796E-04 6.749245765E+03 2.127587710E+06
 2.345983314E+06 6.537772367E+03 9.568622970E-04 6.711474566E+03 2.166510338E+06
 2.383221145E+06 6.502163095E+03 9.529923515E-04 6.673703367E+03 2.205100928E+06
 2.420458975E+06 6.466702426E+03 9.491360045E-04 6.635932168E+03 2.243983065E+06
 2.457696806E+06 6.431606296E+03 9.452932178E-04 6.598160969E+03 2.283029608E+06
 2.494934636E+06 6.396425554E+03 9.414639531E-04 6.560389770E+03 2.322472295E+06
 2.532172466E+06 6.361388433E+03 9.376481721E-04 6.522618571E+03 2.361846792E+06
 2.569410297E+06 6.326720489E+03 9.338458369E-04 6.484847372E+03 2.401630814E+06
 2.606648127E+06 6.291964008E+03 9.300569091E-04 6.447076173E+03 2.441340321E+06
 2.643885958E+06 6.257348326E+03 9.262813510E-04 6.409304973E+03 2.481221111E+06
 2.681123788E+06 6.222950162E+03 9.225191245E-04 6.371533774E+03 2.521274400E+06
 2.718361618E+06 6.188614372E+03 9.187701917E-04 6.333762575E+03 2.561739125E+06
 2.755599449E+06 6.154418360E+03 9.150345149E-04 6.295991376E+03 2.602382526E+06
 2.792837279E+06 6.120361195E+03 9.113120563E-04 6.258220177E+03 2.642958494E+06
 2.830075109E+06 6.086669552E+03 9.076027783E-04 6.220448978E+03 2.683795704E+06
 2.867312940E+06 6.052887195E+03 9.039066432E-04 6.182677779E+03 2.724731401E+06
 2.904550770E+06 6.019242226E+03 9.002236136E-04 6.144906580E+03 2.766092475E+06
 2.941788601E+06 5.985967514E+03 8.965536519E-04 6.107135381E+03 2.807641944E+06
 2.979026431E+06 5.952594157E+03 8.928967208E-04 6.069364182E+03 2.849125589E+06
 3.016264261E+06 5.919357190E+03 8.892527829E-04 6.031592983E+03 2.890798091E+06
 3.053502092E+06 5.886255687E+03 8.856218010E-04 5.993821784E+03 2.932912392E+06
 3.090739922E+06 5.853290498E+03 8.820037378E-04 5.956050585E+03 2.975215753E+06
 3.127977753E+06 5.820685893E+03 8.783985563E-04 5.918279385E+03 3.017457913E+06
 3.165215583E+06 5.787986425E+03 8.748062194E-04 5.880508186E+03 3.059896312E+06
 3.202453413E+06 5.755439724E+03 8.712266901E-04 5.842736987E+03 3.102783388E+06
 3.239691244E+06 5.723236873E+03 8.676599315E-04 5.804965788E+03 3.145870793E+06
 3.276929074E+06 5.690935198E+03 8.641059067E-04 5.767194589E+03 3.188902244E+06
 3.314166905E+06 5.658765674E+03 8.605645789E-04 5.729423390E+03 3.232414452E+06
 3.351404735E+06 5.626729177E+03 8.570359115E-04 5.691652191E+03 3.276112619E+06
 3.388642565E+06 5.594823008E+03 8.535198677E-04 5.653880992E+03 3.319755131E+06
 3.425880396E+06 5.563048046E+03 8.500164110E-04 5.616109793E+03 3.363869679E+06
 3.463118226E+06 5.531633312E+03 8.465255049E-04 5.578338594E+03 3.408196163E+06
 3.500356056E+06 5.500116403E+03 8.430471129E-04 5.540567395E+03 3.452469545E+06
 3.537593887E+06 5.468958924E+03 8.395811987E-04 5.502796196E+03 3.497229258E+06
 3.574831717E+06 5.437698457E+03 8.361277259E-04 5.465024997E+03 3.542203079E+06
 3.612069548E+06 5.406567796E+03 8.326866583E-04 5.427253798E+03 3.587127791E+06
 3.649307378E+06 5.375564231E+03 8.292579597E-04 5.389482598E+03 3.632544019E+06
 3.686545208E+06 5.344688664E+03 8.258415941E-04 5.351711399E+03 3.678185143E+06
 3.723783039E+06 5.313940200E+03 8.224375253E-04 5.313940200E+03 3.723783039E+06
 3.776245924E+06 5.270252372E+03 8.213250183E-04 5.282383480E+03 3.761637270E+06
 3.828708810E+06 5.227461929E+03 8.159244415E-04 5.250826760E+03 3.800429526E+06
 3.881171695E+06 5.184911579E+03 8.105554389E-04 5.219270040E+03 3.839369885E+06
 3.933634581E+06 5.142645748E+03 8.052178548E-04 5.187713320E+03 3.877753241E+06
 3.986097466E+06 5.100661621E+03 7.999115342E-04 5.156156600E+03 3.916357015E+06
 4.038560352E+06 5.058370351E+03 7.946363224E-04 5.124599880E+03 3.955831985E+06
 4.091023237E+06 5.016931462E+03 7.893920654E-04 5.093043160E+03 3.995517943E+06
 4.143486123E+06 4.975767218E+03 7.841786100E-04 5.061486440E+03 4.034680730E+06
 4.195949008E+06 4.934879242E+03 7.789958032E-04 5.029929720E+03 4.074754308E+06
 4.248411894E+06 4.894264762E+03 7.738434927E-04 4.998373000E+03 4.115041779E+06
 4.300874780E+06 4.853335845E+03 7.687215268E-04 4.966816280E+03 4.154782548E+06
 4.353337665E+06 4.813259412E+03 7.636297543E-04 4.935259560E+03 4.195466466E+06
 4.405800551E+06 4.773440962E+03 7.585680247E-04 4.903702841E+03 4.236372809E+06
 4.458263436E+06 4.733890728E+03 7.535361879E-04 4.872146121E+03 4.276712092E+06
 4.510726322E+06 4.694605980E+03 7.485340944E-04 4.840589401E+03 4.318042584E+06
 4.563189207E+06 4.654999711E+03 7.435615953E-04 4.809032681E+03 4.359587099E+06
 4.615652093E+06 4.616228540E+03 7.386185422E-04 4.777475961E+03 4.400545075E+06
 4.668114978E+06 4.577716043E+03 7.337047873E-04 4.745919241E+03 4.441758979E+06
 4.720577864E+06 4.539463908E+03 7.288201833E-04 4.714362521E+03 4.483917510E+06
 4.773040749E+06 4.501469446E+03 7.239645836E-04 4.682805801E+03 4.526313157E+06
 4.825503635E+06 4.463149302E+03 7.191378419E-04 4.651249081E+03 4.568179139E+06
 4.877966520E+06 4.425687081E+03 7.143398128E-04 4.619692361E+03 4.611018295E+06
 4.930429406E+06 4.388645412E+03 7.095703511E-04 4.588135641E+03 4.654098669E+06
 4.982892291E+06 4.351658918E+03 7.048293124E-04 4.556578921E+03 4.696641102E+06
 5.035355177E+06 4.314327062E+03 7.001165527E-04 4.525022201E+03 4.740176801E+06
 5.087818062E+06 4.277824779E+03 6.954319286E-04 4.493465481E+03 4.783963790E+06
 5.140280948E+06 4.241569575E+03 6.907752974E-04 4.461908761E+03 4.827209118E+06
 5.192743833E+06 4.205563450E+03 6.861465166E-04 4.430352041E+03 4.871517716E+06
 5.245206719E+06 4.169799117E+03 6.815454446E-04 4.398795321E+03 4.915454667E+06
 5.297669604E+06 4.133688114E+03 6.769719401E-04 4.367238601E+03 4.960272586E+06
 5.350132490E+06 4.098393462E+03 6.724258625E-04 4.335681881E+03 5.005292752E+06
 5.402595375E+06 4.063338540E+03 6.679070717E-04 4.304125161E+03 5.049766648E+06
 5.455058261E+06 4.028534708E+03 6.634154281E-04 4.272568441E+03 5.096140364E+06
 5.507521146E+06 3.993956299E+03 6.589507928E-04 4.241011721E+03 5.141078089E+06
 5.559984032E+06 3.959030139E+03 6.545130271E-04 4.209455001E+03 5.187150907E+06
 5.612446918E+06 3.925506505E+03 6.501019932E-04 4.177898281E+03 5.233499059E+06
 5.664909803E+06 3.891016937E+03 6.457175537E-04 4.146341561E+03 5.279237248E+06
 5.717372689E+06 3.857361174E+03 6.413595717E-04 4.114784841E+03 5.326115161E+06
 5.769835574E+06 3.823932887E+03 6.370279109E-04 4.083228121E+03 5.373280960E+06
 5.822298460E+06 3.790158705E+03 6.327224354E-04 4.051671401E+03 5.419854294E+06
 5.874761345E+06 3.757762172E+03 6.284430101E-04 4.020114681E+03 5.467587167E+06
 5.927224231E+06 3.724411201E+03 6.241895002E-04 3.988557961E+03 5.515601610E+06
 5.979687116E+06 3.691923798E+03 6.199617716E-04 3.957001241E+03 5.563045097E+06
 6.032150002E+06 3.659612182E+03 6.157596905E-04 3.925444521E+03 5.612540811E+06
 6.084612887E+06 3.626951317E+03 6.115831239E-04 3.893887801E+03 5.660526109E+06
 6.137075773E+06 3.595654188E+03 6.074319392E-04 3.862331081E+03 5.709737953E+06
 6.189538658E+06 3.563403471E+03 6.033060043E-04 3.830774361E+03 5.759261859E+06
 6.242001544E+06 3.531959689E+03 5.992051877E-04 3.799217641E+03 5.808183533E+06
 6.294464429E+06 3.500729788E+03 5.951293583E-04 3.767660921E+03 5.858318164E+06
 6.346927315E+06 3.469715760E+03 5.910783858E-04 3.736104201E+03 5.908780056E+06
 6.399390200E+06 3.438915121E+03 5.870521402E-04 3.704547481E+03 5.959655053E+06
 6.451853086E+06 3.407738501E+03 5.830504919E-04 3.672990761E+03 6.010788001E+06
 6.504315971E+06 3.377358912E+03 5.790733123E-04 3.641434041E+03 6.061294425E+06
 6.556778857E+06 3.347178087E+03 5.751204727E-04 3.609877321E+03 6.113081508E+06
 6.609241742E+06 3.317206589E+03 5.711918455E-04 3.578320601E+03 6.165217005E+06
 6.661704628E+06 3.287441988E+03 5.672873032E-04 3.546763881E+03 6.217711122E+06
 6.714167513E+06 3.257307406E+03 5.634067191E-04 3.515207161E+03 6.270558851E+06
 6.766630399E+06 3.228533150E+03 5.595499668E-04 3.483650441E+03 6.322787189E+06
 6.819093284E+06 3.198778413E+03 5.557169206E-04 3.452093721E+03 6.376338187E+06
 6.871556170E+06 3.169817379E+03 5.519074552E-04 3.420537001E+03 6.430261433E+06
 6.924019056E+06 3.141056922E+03 5.481214458E-04 3.388980281E+03 6.484583411E+06
 6.976481941E+06 3.111935421E+03 5.443587682E-04 3.357423561E+03 6.539268671E+06
 7.028944827E+06 3.083746561E+03 5.406192987E-04 3.325866841E+03 6.594343518E+06
 7.081407712E+06 3.055572894E+03 5.369029141E-04 3.294310121E+03 6.649811313E+06
 7.133870598E+06 3.027595982E+03 5.332094917E-04 3.262753401E+03 6.704652335E+06
 7.186333483E+06 2.999813462E+03 5.295389092E-04 3.231196681E+03 6.761956486E+06
 7.238796369E+06 2.971651557E+03 5.258910450E-04 3.199639961E+03 6.817567733E+06
 7.291259254E+06 2.944831512E+03 5.222657780E-04 3.168083241E+03 6.874647597E+06
 7.343722140E+06 2.917025973E+03 5.186629873E-04 3.136526522E+03 6.932150296E+06
 7.396185025E+06 2.889998249E+03 5.150825530E-04 3.104969802E+03 6.989338917E+06
 7.448647911E+06 2.863158929E+03 5.115243553E-04 3.073413082E+03 7.048829714E+06
 7.501110796E+06 2.836519729E+03 5.079882750E-04 3.041856362E+03 7.106578294E+06
 7.553573682E+06 2.810055032E+03 5.044741935E-04 3.010299642E+03 7.166917912E+06
 7.606036567E+06 2.783192612E+03 5.009819927E-04 2.978742922E+03 7.225541612E+06
 7.658499453E+06 2.757681329E+03 4.975115548E-04 2.947186202E+03 7.286838055E+06
 7.710962338E+06 2.731159817E+03 4.940627628E-04 2.915629482E+03 7.346369487E+06
 7.763425224E+06 2.705419492E+03 4.906354999E-04 2.884072762E+03 7.408639368E+06
 7.815888109E+06 2.679857190E+03 4.872296500E-04 2.852516042E+03 7.469114352E+06
 7.868350995E+06 2.654475138E+03 4.838450974E-04 2.820959322E+03 7.532412790E+06
 7.920813880E+06 2.629271026E+03 4.804817270E-04 2.789402602E+03 7.593762780E+06
 7.973276766E+06 2.603655790E+03 4.771394240E-04 2.757845882E+03 7.658175441E+06
 8.025739651E+06 2.578839806E+03 4.738180742E-04 2.726289162E+03 7.720649507E+06
 8.078202537E+06 2.554152805E+03 4.705175640E-04 2.694732442E+03 7.786026125E+06
 8.130665422E+06 2.529640437E+03 4.672377801E-04 2.663175722E+03 7.849563276E+06
 8.183128308E+06 2.505300452E+03 4.639786098E-04 2.631619002E+03 7.916029186E+06
 8.235591194E+06 2.480559473E+03 4.607399408E-04 2.600062282E+03 7.980675709E+06
 8.288054079E+06 2.457138009E+03 4.575216614E-04 2.568505562E+03 8.048374993E+06
 8.340516965E+06 2.432712272E+03 4.543236603E-04 2.536948842E+03 8.115359961E+06
 8.392979850E+06 2.409041377E+03 4.511458267E-04 2.505392122E+03 8.182934836E+06
 8.445442736E+06 2.385537468E+03 4.479880503E-04 2.473835402E+03 8.251118585E+06
 8.497905621E+06 2.362212247E+03 4.448502212E-04 2.442278682E+03 8.319910678E+06
 8.550368507E+06 2.339040438E+03 4.417322302E-04 2.410721962E+03 8.389330923E+06
 8.602831392E+06 2.315458200E+03 4.386339683E-04 2.379165242E+03 8.459389682E+06
 8.655294278E+06 2.293189375E+03 4.355553271E-04 2.347608522E+03 8.531430854E+06
 8.707757163E+06 2.269908616E+03 4.324961987E-04 2.316051802E+03 8.601504643E+06
 8.760220049E+06 2.247378685E+03 4.294564757E-04 2.284495082E+03 8.674827727E+06
 8.812682934E+06 2.225006208E+03 4.264360511E-04 2.252938362E+03 8.747564429E+06
 8.865145820E+06 2.202793455E+03 4.234348183E-04 2.221381642E+03 8.821003031E+06
 8.917608705E+06 2.180738253E+03 4.204526713E-04 2.189824922E+03 8.896537661E+06
 8.970071591E+06 2.158268202E+03 4.174895046E-04 2.158268202E+03 8.970071591E+06
 9.191535981E+06 2.065815333E+03 4.089058710E-04 2.136876104E+03 9.020519625E+06
 9.413000372E+06 1.977107454E+03 3.923202599E-04 2.115484006E+03 9.071424693E+06
 9.634464762E+06 1.892002319E+03 3.763625414E-04 2.094091909E+03 9.122838779E+06
 9.855929153E+06 1.810363731E+03 3.610109053E-04 2.072699811E+03 9.174729107E+06
 1.007739354E+07 1.732059682E+03 3.462442171E-04 2.051307713E+03 9.227126465E+06
 1.029885793E+07 1.656956673E+03 3.320420005E-04 2.029915615E+03 9.280065199E+06
 1.052032232E+07 1.584940320E+03 3.183844193E-04 2.008523517E+03 9.333531260E+06
 1.074178672E+07 1.515895887E+03 3.052522613E-04 1.987131419E+03 9.387515558E+06
 1.096325111E+07 1.449701671E+03 2.926269212E-04 1.965739322E+03 9.442050360E+06
 1.118471550E+07 1.386249061E+03 2.804903844E-04 1.944347224E+03 9.497170968E+06
 1.140617989E+07 1.325431608E+03 2.688252108E-04 1.922955126E+03 9.552843636E+06
 1.162764428E+07 1.267147215E+03 2.576145197E-04 1.901563028E+03 9.609127080E+06
 1.184910867E+07 1.211296363E+03 2.468419737E-04 1.880170930E+03 9.665987828E+06
 1.207057306E+07 1.157764242E+03 2.364917642E-04 1.858778832E+03 9.723461840E+06
 1.229203745E+07 1.106518739E+03 2.265485967E-04 1.837386734E+03 9.781588831E+06
 1.251350184E+07 1.057404327E+03 2.169976759E-04 1.815994637E+03 9.840357499E+06
 1.273496623E+07 1.010370221E+03 2.078246923E-04 1.794602539E+03 9.899759125E+06
 1.295643062E+07 9.653270365E+02 1.990158080E-04 1.773210441E+03 9.959832381E+06
 1.317789501E+07 9.221954879E+02 1.905576433E-04 1.751818343E+03 1.002062001E+07
 1.339935940E+07 8.808997659E+02 1.824372636E-04 1.730426245E+03 1.008211225E+07
 1.362082379E+07 8.413657522E+02 1.746421666E-04 1.709034147E+03 1.014430123E+07
 1.384228818E+07 8.035231758E+02 1.671602695E-04 1.687642050E+03 1.020722904E+07
 1.406375257E+07 7.673038355E+02 1.599798969E-04 1.666249952E+03 1.027094986E+07
 1.428521696E+07 7.326330410E+02 1.530897688E-04 1.644857854E+03 1.033544018E+07
 1.450668135E+07 6.994727637E+02 1.464789888E-04 1.623465756E+03 1.040070155E+07
 1.472814575E+07 6.677399507E+02 1.401370327E-04 1.602073658E+03 1.046677971E+07
 1.494961014E+07 6.373828283E+02 1.340537374E-04 1.580681560E+03 1.053371217E+07
 1.517107453E+07 6.083450623E+02 1.282192900E-04 1.559289463E+03 1.060152499E+07
 1.539253892E+07 5.805730259E+02 1.226242171E-04 1.537897365E+03 1.067021768E+07
 1.561400331E+07 5.540140069E+02 1.172593745E-04 1.516505267E+03 1.073979128E+07
 1.583546770E+07 5.286184288E+02 1.121159371E-04 1.495113169E+03 1.081032825E+07
 1.605693209E+07 5.043380622E+02 1.071853890E-04 1.473721071E+03 1.088182586E+07
 1.627839648E+07 4.811282852E+02 1.024595142E-04 1.452328973E+03 1.095428278E+07
 1.649986087E+07 4.589415797E+02 9.793038665E-05 1.430936876E+03 1.102775502E+07
 1.672132526E+07 4.377368269E+02 9.359036185E-05 1.409544778E+03 1.110230610E+07
 1.694278965E+07 4.174728220E+02 8.943206748E-05 1.388152680E+03 1.117793497E+07
 1.716425404E+07 3.981105490E+02 8.544839496E-05 1.366760582E+03 1.125464246E+07
 1.738571843E+07 3.796113608E+02 8.163249103E-05 1.345368484E+03 1.133252796E+07
 1.760718282E+07 3.619392523E+02 7.797774957E-05 1.323976386E+03 1.141159445E+07
 1.782864721E+07 3.450591381E+02 7.447780362E-05 1.302584289E+03 1.149184575E+07
 1.805011160E+07 3.289421396E+02 7.112651767E-05 1.281192191E+03 1.157339098E+07
 1.827157599E+07 3.135470708E+02 6.791798010E-05 1.259800093E+03 1.165623433E+07
 1.849304038E+07 2.988560047E+02 6.484649587E-05 1.238407995E+03 1.174038499E+07
 1.871450478E+07 2.848213478E+02 6.190657941E-05 1.217015897E+03 1.182599636E+07
 1.893596917E+07 2.714141997E+02 5.909294768E-05 1.195623799E+03 1.191297366E+07
 1.915743356E+07 2.586335718E+02 5.640051347E-05 1.174231702E+03 1.200147478E+07
 1.937889795E+07 2.464300592E+02 5.382437886E-05 1.152839604E+03 1.209151698E+07
 1.960036234E+07 2.347829638E+02 5.135982884E-05 1.131447506E+03 1.218311871E+07
 1.982182673E+07 2.236788861E+02 4.900232521E-05 1.110055408E+03 1.227641657E+07
 2.004329112E+07 2.130766014E+02 4.674750055E-05 1.088663310E+03 1.237143508E+07
 2.026475551E+07 2.029622270E+02 4.459115241E-05 1.067271212E+03 1.246824803E+07
 2.048621990E+07 1.933038386E+02 4.252923770E-05 1.045879114E+03 1.256691260E+07
 2.070768429E+07 1.841228074E+02 4.055786721E-05 1.024487017E+03 1.266746837E+07
 2.092914868E+07 1.753501878E+02 3.867330026E-05 1.003094919E+03 1.277012260E+07
 2.115061307E+07 1.669840651E+02 3.687193963E-05 9.817028210E+02 1.287478941E+07
 2.137207746E+07 1.590079075E+02 3.515032650E-05 9.603107231E+02 1.298168847E+07
 2.159354185E+07 1.514042749E+02 3.350513562E-05 9.389186253E+02 1.309087257E+07
 2.181500624E+07 1.441662561E+02 3.193317066E-05 9.175265274E+02 1.320244539E+07
 2.203647063E+07 1.372591130E+02 3.043135960E-05 8.961344296E+02 1.331651711E+07
 2.225793502E+07 1.306857006E+02 2.899675037E-05 8.747423318E+02 1.343320814E+07
 2.247939941E+07 1.244113956E+02 2.762650655E-05 8.533502339E+02 1.355264127E+07
 2.270086381E+07 1.184448924E+02 2.631790324E-05 8.319581361E+02 1.367500608E+07
 2.292232820E+07 1.127529384E+02 2.506832307E-05 8.105660383E+02 1.380029639E+07
 2.314379259E+07 1.073311526E+02 2.387525230E-05 7.891739404E+02 1.392887934E+07
 2.336525698E+07 1.021677144E+02 2.273627707E-05 7.677818426E+02 1.406076701E+07
 2.358672137E+07 9.725943687E+01 2.164907977E-05 7.463897447E+02 1.419619843E+07
 2.380818576E+07 9.257723660E+01 2.061143553E-05 7.249976469E+02 1.433534659E+07
 2.402965015E+07 8.812975134E+01 1.962120878E-05 7.036055491E+02 1.447759342E+07
 2.425111454E+07 8.388622759E+01 1.867635002E-05 6.822134512E+02 1.462591259E+07
 2.447257893E+07 7.984693688E+01 1.777489256E-05 6.608213534E+02 1.477773157E+07
 2.469404332E+07 7.600230193E+01 1.691494953E-05 6.394292556E+02 1.493437703E+07
 2.491550771E+07 7.235329480E+01 1.609471081E-05 6.180371577E+02 1.509609965E+07
 2.513697210E+07 6.888100021E+01 1.531244022E-05 5.966450599E+02 1.526318689E+07
 2.535843649E+07 6.556896006E+01 1.456647271E-05 5.752529620E+02 1.543608465E+07
 2.557990088E+07 6.242050712E+01 1.385521167E-05 5.538608642E+02 1.561530856E+07
 2.580136527E+07 5.942959930E+01 1.317712636E-05 5.324687664E+02 1.580126948E+07
 2.602282966E+07 5.657881384E+01 1.253074938E-05 5.110766685E+02 1.599450945E+07
 2.624429405E+07 5.387694345E+01 1.191467423E-05 4.896845707E+02 1.619565510E+07
 2.646575845E+07 5.130822917E+01 1.132755303E-05 4.682924728E+02 1.640537306E+07
 2.668722284E+07 4.885722972E+01 1.076809421E-05 4.469003750E+02 1.662446723E+07
 2.690868723E+07 4.652688572E+01 1.023506034E-05 4.255082772E+02 1.685384121E+07
 2.713015162E+07 4.432237911E+01 9.727266047E-06 4.041161793E+02 1.709454318E+07
 2.735161601E+07 4.222577531E+01 9.243575978E-06 3.827240815E+02 1.734777756E+07
 2.757308040E+07 4.022484020E+01 8.782902831E-06 3.613319837E+02 1.761508548E+07
 2.779454479E+07 3.833255240E+01 8.344205480E-06 3.399398858E+02 1.789778843E+07
 2.801600918E+07 3.653446083E+01 7.926487150E-06 3.185477880E+02 1.819860021E+07
 2.823747357E+07 3.481793207E+01 7.528793660E-06 2.971556901E+02 1.851929841E+07
 2.845893796E+07 3.318678275E+01 7.150211735E-06 2.757635923E+02 1.886304362E+07
 2.868040235E+07 3.164382352E+01 6.789867371E-06 2.543714945E+02 1.923367858E+07
 2.890186674E+07 3.019029128E+01 6.446924268E-06 2.329793966E+02 1.963572808E+07
 2.912333113E+07 2.879294575E+01 6.120582308E-06 2.115872988E+02 2.007519582E+07
 2.934479552E+07 2.747505548E+01 5.810076106E-06 1.901952010E+02 2.056020919E+07
 2.956625991E+07 2.620391667E+01 5.514673595E-06 1.688031031E+02 2.110165724E+07
 2.978772430E+07 2.502736357E+01 5.233674679E-06 1.474110053E+02 2.171451166E+07
 3.000918869E+07 2.390184334E+01 4.966409930E-06 1.260189074E+02 2.242139519E+07
 3.023065308E+07 2.283240794E+01 4.712239330E-06 1.046268096E+02 2.325842902E+07
 3.045211748E+07 2.180888860E+01 4.470551067E-06 8.323471176E+01 2.428595146E+07
 3.067358187E+07 2.084668699E+01 4.240760373E-06 6.184261393E+01 2.562148876E+07
 3.089504626E+07 1.993362983E+01 4.022308402E-06 4.045051609E+01 2.754776466E+07
 3.111651065E+07 1.905841825E+01 3.814661162E-06 1.905841825E+01 3.111651065E+07
 3.145378661E+07 1.777406178E+01 3.682366664E-06 1.886789584E+01 3.116514473E+07
 3.179106257E+07 1.657271660E+01 3.444034360E-06 1.867737342E+01 3.121424957E+07
 3.212833853E+07 1.544923499E+01 3.220404867E-06 1.848685100E+01 3.126383564E+07
 3.246561449E+07 1.439882717E+01 3.010620749E-06 1.829632859E+01 3.131391467E+07
 3.280289045E+07 1.341695582E+01 2.813871283E-06 1.810580617E+01 3.136448818E+07
 3.314016641E+07 1.249933745E+01 2.629390134E-06 1.791528376E+01 3.141557955E+07
 3.347744236E+07 1.164198825E+01 2.456453114E-06 1.772476134E+01 3.146719302E+07
 3.381471832E+07 1.084112143E+01 2.294376057E-06 1.753423893E+01 3.151933963E+07
 3.415199428E+07 1.009316869E+01 2.142512780E-06 1.734371651E+01 3.157203081E+07
 3.448927024E+07 9.394807919E+00 2.000253140E-06 1.715319410E+01 3.162527553E+07
 3.482654620E+07 8.742890357E+00 1.867021182E-06 1.696267168E+01 3.167908519E+07
 3.516382216E+07 8.134454397E+00 1.742273369E-06 1.677214927E+01 3.173348472E+07
 3.550109812E+07 7.566727892E+00 1.625496897E-06 1.658162685E+01 3.178847600E+07
 3.583837408E+07 7.037119809E+00 1.516208087E-06 1.639110443E+01 3.184407245E+07
 3.617565004E+07 6.543185092E+00 1.413950854E-06 1.620058202E+01 3.190029134E+07
 3.651292600E+07 6.082603816E+00 1.318295248E-06 1.601005960E+01 3.195713940E+07
 3.685020196E+07 5.653204959E+00 1.228836067E-06 1.581953719E+01 3.201464648E+07
 3.718747792E+07 5.253032456E+00 1.145191533E-06 1.562901477E+01 3.207281986E+07
 3.752475388E+07 4.880116939E+00 1.067002034E-06 1.543849236E+01 3.213167555E+07
 3.786202984E+07 4.532709010E+00 9.939289286E-07 1.524796994E+01 3.219123016E+07
 3.819930580E+07 4.209119841E+00 9.256534088E-07 1.505744753E+01 3.225150091E+07
 3.853658176E+07 3.907801886E+00 8.618754164E-07 1.486692511E+01 3.231249919E+07
 3.887385772E+07 3.627268712E+00 8.023126164E-07 1.467640270E+01 3.237425653E+07
 3.921113368E+07 3.366151420E+00 7.466994210E-07 1.448588028E+01 3.243678416E+07
 3.954840964E+07 3.123149698E+00 6.947860619E-07 1.429535786E+01 3.250009988E+07
 3.988568560E+07 2.897091690E+00 6.463377104E-07 1.410483545E+01 3.256423366E+07
 4.022296156E+07 2.686812169E+00 6.011336422E-07 1.391431303E+01 3.262919348E+07
 4.056023752E+07 2.491254504E+00 5.589664449E-07 1.372379062E+01 3.269501855E+07
 4.089751348E+07 2.309442860E+00 5.196412666E-07 1.353326820E+01 3.276172404E+07
 4.123478944E+07 2.140436396E+00 4.829751034E-07 1.334274579E+01 3.282933444E+07
 4.157206540E+07 1.983370232E+00 4.487961241E-07 1.315222337E+01 3.289786350E+07
 4.190934136E+07 1.837443710E+00 4.169430305E-07 1.296170096E+01 3.296736434E+07
 4.224661732E+07 1.701864988E+00 3.872644513E-07 1.277117854E+01 3.303784695E+07
 4.258389328E+07 1.575967206E+00 3.596183685E-07 1.258065612E+01 3.310933421E+07
 4.292116924E+07 1.459084821E+00 3.338715740E-07 1.239013371E+01 3.318186856E+07
 4.325844520E+07 1.350572598E+00 3.098991560E-07 1.219961129E+01 3.325548501E+07
 4.359572116E+07 1.249852701E+00 2.875840125E-07 1.200908888E+01 3.333021057E+07
 4.393299712E+07 1.156399938E+00 2.668163919E-07 1.181856646E+01 3.340607270E+07
 4.427027308E+07 1.069713126E+00 2.474934581E-07 1.162804405E+01 3.348312244E+07
 4.460754904E+07 9.892948876E-01 2.295188797E-07 1.143752163E+01 3.356139075E+07
 4.494482500E+07 9.147438823E-01 2.128024424E-07 1.124699922E+01 3.364091778E+07
 4.528210096E+07 8.456286141E-01 1.972596817E-07 1.105647680E+01 3.372174570E+07
 4.561937692E+07 7.815571479E-01 1.828115377E-07 1.086595439E+01 3.380390833E+07
 4.595665287E+07 7.222008459E-01 1.693840277E-07 1.067543197E+01 3.388746761E+07
 4.629392883E+07 6.671924532E-01 1.569079382E-07 1.048490955E+01 3.397247012E+07
 4.663120479E+07 6.162582088E-01 1.453185344E-07 1.029438714E+01 3.405895789E+07
 4.696848075E+07 5.690795563E-01 1.345552856E-07 1.010386472E+01 3.414700428E+07
 4.730575671E+07 5.253836202E-01 1.245616068E-07 9.913342308E+00 3.423664826E+07
 4.764303267E+07 4.849826211E-01 1.152846153E-07 9.722819893E+00 3.432795860E+07
 4.798030863E+07 4.475595913E-01 1.066749007E-07 9.532297477E+00 3.442101191E+07
 4.831758459E+07 4.129406355E-01 9.868630915E-08 9.341775062E+00 3.451585430E+07
 4.865486055E+07 3.809171962E-01 9.127573946E-08 9.151252646E+00 3.461256174E+07
 4.899213651E+07 3.513033766E-01 8.440295156E-08 8.960730231E+00 3.471123274E+07
 4.932941247E+07 3.239354372E-01 7.803038615E-08 8.770207815E+00 3.481193563E+07
 4.966668843E+07 2.986402795E-01 7.212299502E-08 8.579685400E+00 3.491474698E+07
 5.000396439E+07 2.752289679E-01 6.664808149E-08 8.389162984E+00 3.501977485E+07
 5.034124035E+07 2.536346311E-01 6.157515040E-08 8.198640569E+00 3.512711797E+07
 5.067851631E+07 2.336612523E-01 5.687576708E-08 8.008118153E+00 3.523687065E+07
 5.101579227E+07 2.152357399E-01 5.252342485E-08 7.817595738E+00 3.534917079E+07
 5.135306823E+07 1.981765807E-01 4.849342056E-08 7.627073322E+00 3.546410734E+07
 5.169034419E+07 1.824766469E-01 4.476273767E-08 7.436550907E+00 3.558185658E+07
 5.202762015E+07 1.679718515E-01 4.130993655E-08 7.246028492E+00 3.570250486E+07
 5.236489611E+07 1.545993851E-01 3.811505147E-08 7.055506076E+00 3.582626184E+07
 5.270217207E+07 1.422299540E-01 3.515949394E-08 6.864983661E+00 3.595326755E+07
 5.303944803E+07 1.308407942E-01 3.242596210E-08 6.674461245E+00 3.608370141E+07
 5.337672399E+07 1.203170206E-01 2.989835566E-08 6.483938830E+00 3.621773203E+07
 5.371399995E+07 1.106415023E-01 2.756169630E-08 6.293416414E+00 3.635560018E+07
 5.405127591E+07 1.017306840E-01 2.540205290E-08 6.102893999E+00 3.649755799E+07
 5.438855187E+07 9.349676141E-02 2.340647160E-08 5.912371583E+00 3.664381671E+07
 5.472582783E+07 8.591678600E-02 2.156291031E-08 5.721849168E+00 3.679468047E+07
 5.506310379E+07 7.893747352E-02 1.986017724E-08 5.531326752E+00 3.695043509E+07
 5.540037975E+07 7.248543543E-02 1.828787355E-08 5.340804337E+00 3.711145185E+07
 5.573765571E+07 6.658947497E-02 1.683633953E-08 5.150281921E+00 3.727805314E+07
 5.607493167E+07 6.113743363E-02 1.549660431E-08 4.959759506E+00 3.745068286E+07
 5.641220763E+07 5.611067009E-02 1.426033882E-08 4.769237090E+00 3.762982485E+07
 5.674948359E+07 5.150195804E-02 1.311981179E-08 4.578714675E+00 3.781596666E+07
 5.708675955E+07 4.725840824E-02 1.206784864E-08 4.388192259E+00 3.800969461E+07
 5.742403551E+07 4.335776374E-02 1.109779303E-08 4.197669844E+00 3.821169331E+07
 5.776131147E+07 3.974020120E-02 1.020347100E-08 4.007147428E+00 3.842269914E+07
 5.809858742E+07 3.646564123E-02 9.379157369E-09 3.816625013E+00 3.864355910E+07
 5.843586338E+07 3.342039360E-02 8.619544475E-09 3.626102598E+00 3.887531162E+07
 5.877313934E+07 3.064609416E-02 7.919712929E-09 3.435580182E+00 3.911907453E+07
 5.911041530E+07 2.807954757E-02 7.275104339E-09 3.245057767E+00 3.937617445E+07
 5.944769126E+07 2.573491078E-02 6.681495860E-09 3.054535351E+00 3.964825593E+07
 5.978496722E+07 2.356595268E-02 6.134976462E-09 2.864012936E+00 3.993715818E+07
 6.012224318E+07 2.158885582E-02 5.631924796E-09 2.673490520E+00 4.024518041E+07
 6.045951914E+07 1.975467240E-02 5.168988563E-09 2.482968105E+00 4.057508940E+07
 6.079679510E+07 1.808705432E-02 4.743065292E-09 2.292445689E+00 4.093034797E+07
 6.113407106E+07 1.655744080E-02 4.351284421E-09 2.101923274E+00 4.131520198E+07
 6.147134702E+07 1.516358209E-02 3.990990616E-09 1.911400858E+00 4.173525600E+07
 6.180862298E+07 1.386892373E-02 3.659728240E-09 1.720878443E+00 4.219782722E+07
 6.214589894E+07 1.268527453E-02 3.355226885E-09 1.530356027E+00 4.271253601E+07
 6.248317490E+07 1.158534261E-02 3.075387917E-09 1.339833612E+00 4.329316951E+07
 6.282045086E+07 1.060731488E-02 2.818271954E-09 1.149311196E+00 4.395965903E+07
 6.315772682E+07 9.684155050E-03 2.582087220E-09 9.587887809E-01 4.474257466E+07
 6.349500278E+07 8.867991403E-03 2.365178712E-09 7.682663654E-01 4.569272190E+07
 6.383227874E+07 8.092160122E-03 2.166018136E-09 5.777439500E-01 4.690462611E+07
 6.416955470E+07 7.404817042E-03 1.983194546E-09 3.872215345E-01 4.858646548E+07
 6.450683066E+07 6.763704666E-03 1.815405655E-09 1.966991190E-01 5.138395451E+07
 6.484410662E+07 6.176703533E-03 1.661449755E-09 6.176703533E-03 6.484410662E+07
 6.490587365E+07 6.114936498E-03 1.000000000E-09 6.114936498E-03 6.490587362E+07
 6.496764069E+07 6.053169462E-03 1.000000000E-09 6.053169462E-03 6.496764062E+07
 6.502940773E+07 5.991402427E-03 1.000000000E-09 5.991402427E-03 6.502940700E+07
 6.509117476E+07 5.929635392E-03 1.000000000E-09 5.929635392E-03 6.509117400E+07
 6.515294180E+07 5.867868356E-03 1.000000000E-09 5.867868356E-03 6.515294180E+07
 6.521470883E+07 5.806101321E-03 1.000000000E-09 5.806101321E-03 6.521470900E+07
 6.527647587E+07 5.744334286E-03 1.000000000E-09 5.744334286E-03 6.527647200E+07
 6.533824290E+07 5.682567250E-03 1.000000000E-09 5.682567250E-03 6.533824100E+07
 6.540000994E+07 5.620800215E-03 1.000000000E-09 5.620800215E-03 6.540000993E+07
 6.546177697E+07 5.559033180E-03 1.000000000E-09 5.559033180E-03 6.546177600E+07
 6.552354401E+07 5.497266144E-03 1.000000000E-09 5.497266144E-03 6.552354406E+07
 6.558531104E+07 5.435499109E-03 1.000000000E-09 5.435499109E-03 6.558531105E+07
 6.564707808E+07 5.373732074E-03 1.000000000E-09 5.373732074E-03 6.564708800E+07
 6.570884511E+07 5.311965038E-03 1.000000000E-09 5.311965038E-03 6.570884500E+07
 6.577061215E+07 5.250198003E-03 1.000000000E-09 5.250198003E-03 6.577061212E+07
 6.583237918E+07 5.188430968E-03 1.000000000E-09 5.188430968E-03 6.583237700E+07
 6.589414622E+07 5.126663932E-03 1.000000000E-09 5.126663932E-03 6.589414625E+07
 6.595591326E+07 5.064896897E-03 1.000000000E-09 5.064896897E-03 6.595591326E+07
 6.601768029E+07 5.003129862E-03 1.000000000E-09 5.003129862E-03 6.601768012E+07
 6.607944733E+07 4.941362826E-03 1.000000000E-09 4.941362826E-03 6.607944000E+07
 6.614121436E+07 4.879595791E-03 1.000000000E-09 4.879595791E-03 6.614118400E+07
 6.620298140E+07 4.817828756E-03 1.000000000E-09 4.817828756E-03 6.620298137E+07
 6.626474843E+07 4.756061720E-03 1.000000000E-09 4.756061720E-03 6.626474837E+07
 6.632651547E+07 4.694294685E-03 1.000000000E-09 4.694294685E-03 6.632652800E+07
 6.638828250E+07 4.632527650E-03 1.000000000E-09 4.632527650E-03 6.638828250E+07
 6.645004954E+07 4.570760614E-03 1.000000000E-09 4.570760614E-03 6.645004800E+07
 6.651181657E+07 4.508993579E-03 1.000000000E-09 4.508993579E-03 6.651181657E+07
 6.657358361E+07 4.447226544E-03 1.000000000E-09 4.447226544E-03 6.657356800E+07
 6.663535064E+07 4.385459508E-03 1.000000000E-09 4.385459508E-03 6.663535100E+07
 6.669711768E+07 4.323692473E-03 1.000000000E-09 4.323692473E-03 6.669711762E+07
 6.675888471E+07 4.261925438E-03 1.000000000E-09 4.261925438E-03 6.675888469E+07
 6.682065175E+07 4.200158402E-03 1.000000000E-09 4.200158402E-03 6.682065175E+07
 6.688241879E+07 4.138391367E-03 1.000000000E-09 4.138391367E-03 6.688241879E+07
 6.694418582E+07 4.076624332E-03 1.000000000E-09 4.076624332E-03 6.694418582E+07
 6.700595286E+07 4.014857296E-03 1.000000000E-09 4.014857296E-03 6.700595287E+07
 6.706771989E+07 3.953090261E-03 1.000000000E-09 3.953090261E-03 6.706772000E+07
 6.712948693E+07 3.891323226E-03 1.000000000E-09 3.891323226E-03 6.712948700E+07
 6.719125396E+07 3.829556190E-03 1.000000000E-09 3.829556190E-03 6.719125600E+07
 6.725302100E+07 3.767789155E-03 1.000000000E-09 3.767789155E-03 6.725302106E+07
 6.731478803E+07 3.706022120E-03 1.000000000E-09 3.706022120E-03 6.731478800E+07
 6.737655507E+07 3.644255084E-03 1.000000000E-09 3.644255084E-03 6.737655500E+07
 6.743832210E+07 3.582488049E-03 1.000000000E-09 3.582488049E-03 6.743833600E+07
 6.750008914E+07 3.520721014E-03 1.000000000E-09 3.520721014E-03 6.750008914E+07
 6.756185617E+07 3.458953978E-03 1.000000000E-09 3.458953978E-03 6.756185617E+07
 6.762362321E+07 3.397186943E-03 1.000000000E-09 3.397186943E-03 6.762363200E+07
 6.768539024E+07 3.335419908E-03 1.000000000E-09 3.335419908E-03 6.768539024E+07
 6.774715728E+07 3.273652872E-03 1.000000000E-09 3.273652872E-03 6.774715728E+07
 6.780892432E+07 3.211885837E-03 1.000000000E-09 3.211885837E-03 6.780896878E+07
 6.787069135E+07 3.150118802E-03 1.000000000E-09 3.150118802E-03 6.787069135E+07
 6.793245839E+07 3.088351766E-03 1.000000000E-09 3.088351766E-03 6.793245839E+07
 6.799422542E+07 3.026584731E-03 1.000000000E-09 3.026584731E-03 6.799422400E+07
 6.805599246E+07 2.964817696E-03 1.000000000E-09 2.964817696E-03 6.805599246E+07
 6.811775949E+07 2.903050660E-03 1.000000000E-09 2.903050660E-03 6.811775949E+07
 6.817952653E+07 2.841283625E-03 1.000000000E-09 2.841283625E-03 6.817952653E+07
 6.824129356E+07 2.779516590E-03 1.000000000E-09 2.779516590E-03 6.824129356E+07
 6.830306060E+07 2.717749554E-03 1.000000000E-09 2.717749554E-03 6.830310400E+07
 6.836482763E+07 2.655982519E-03 1.000000000E-09 2.655982519E-03 6.836482763E+07
 6.842659467E+07 2.594215484E-03 1.000000000E-09 2.594215484E-03 6.842659467E+07
 6.848836170E+07 2.532448448E-03 1.000000000E-09 2.532448448E-03 6.848836170E+07
 6.855012874E+07 2.470681413E-03 1.000000000E-09 2.470681413E-03 6.855012878E+07
 6.861189577E+07 2.408914378E-03 1.000000000E-09 2.408914378E-03 6.861190400E+07
 6.867366281E+07 2.347147342E-03 1.000000000E-09 2.347147342E-03 6.867366275E+07
 6.873542985E+07 2.285380307E-03 1.000000000E-09 2.285380307E-03 6.873542985E+07
 6.879719688E+07 2.223613272E-03 1.000000000E-09 2.223613272E-03 6.879719700E+07
 6.885896392E+07 2.161846236E-03 1.000000000E-09 2.161846236E-03 6.885896392E+07
 6.892073095E+07 2.100079201E-03 1.000000000E-09 2.100079201E-03 6.892073100E+07
 6.898249799E+07 2.038312166E-03 1.000000000E-09 2.038312166E-03 6.898252800E+07
 6.904426502E+07 1.976545131E-03 1.000000000E-09 1.976545131E-03 6.904426500E+07
 6.910603206E+07 1.914778095E-03 1.000000000E-09 1.914778095E-03 6.910603206E+07
 6.916779909E+07 1.853011060E-03 1.000000000E-09 1.853011060E-03 6.916781155E+07
 6.922956613E+07 1.791244025E-03 1.000000000E-09 1.791244025E-03 6.922956800E+07
 6.929133316E+07 1.729476989E-03 1.000000000E-09 1.729476989E-03 6.929133319E+07
 6.935310020E+07 1.667709954E-03 1.000000000E-09 1.667709954E-03 6.935315810E+07
 6.941486723E+07 1.605942919E-03 1.000000000E-09 1.605942919E-03 6.941486700E+07
 6.947663427E+07 1.544175883E-03 1.000000000E-09 1.544175883E-03 6.947663463E+07
 6.953840130E+07 1.482408848E-03 1.000000000E-09 1.482408848E-03 6.953840131E+07
 6.960016834E+07 1.420641813E-03 1.000000000E-09 1.420641813E-03 6.960016834E+07
 6.966193538E+07 1.358874777E-03 1.000000000E-09 1.358874777E-03 6.966193525E+07
 6.972370241E+07 1.297107742E-03 1.000000000E-09 1.297107742E-03 6.972370271E+07
 6.978546945E+07 1.235340707E-03 1.000000000E-09 1.235340707E-03 6.978553472E+07
 6.984723648E+07 1.173573671E-03 1.000000000E-09 1.173573671E-03 6.984724800E+07
 6.990900352E+07 1.111806636E-03 1.000000000E-09 1.111806636E-03 6.990905116E+07
 6.997077055E+07 1.050039601E-03 1.000000000E-09 1.050039601E-03 6.997077728E+07
 7.003253759E+07 9.882725653E-04 1.000000000E-09 9.882725653E-04 7.003253759E+07
 7.009430462E+07 9.265055299E-04 1.000000000E-09 9.265055299E-04 7.009430462E+07
 7.015607166E+07 8.647384946E-04 1.000000000E-09 8.647384946E-04 7.015607167E+07
 7.021783869E+07 8.029714593E-04 1.000000000E-09 8.029714593E-04 7.021783875E+07
 7.027960573E+07 7.412044239E-04 1.000000000E-09 7.412044239E-04 7.027960575E+07
 7.034137276E+07 6.794373886E-04 1.000000000E-09 6.794373886E-04 7.034137276E+07
 7.040313980E+07 6.176703533E-04 1.000000000E-09 6.176703533E-04 7.040313980E+07
 7.046490683E+07 5.559033180E-04 1.000000000E-09 5.559033180E-04 7.046490687E+07
 7.052667387E+07 4.941362826E-04 1.000000000E-09 4.941362826E-04 7.052667500E+07
 7.058844090E+07 4.323692473E-04 1.000000000E-09 4.323692473E-04 7.058844100E+07
 7.065020794E+07 3.706022120E-04 1.000000000E-09 3.706022120E-04 7.065020797E+07
 7.071197498E+07 3.088351766E-04 1.000000000E-09 3.088351766E-04 7.071196800E+07
 7.077374201E+07 2.470681413E-04 1.000000000E-09 2.470681413E-04 7.077374400E+07
 7.083550905E+07 1.853011060E-04 1.000000000E-09 1.853011060E-04 7.083552000E+07
 7.089727608E+07 1.235340707E-04 1.000000000E-09 1.235340707E-04 7.089727608E+07
 7.095904312E+07 6.176703533E-05 1.000000000E-09 6.176703533E-05 7.095904312E+07
