DENSITY AND THICKNESS DATA OF THE ATMOSPHERE AT AN ZENITH ANGLE OF 80.0 DEGREES
 0.000000000E+00 5.765903360E+03 1.229805824E-03 5.765903360E+03 0.000000000E+00
 2.280718661E+04 5.737951241E+03 1.224916044E-03 5.742795274E+03 1.853810628E+04
 4.561437322E+04 5.709670730E+03 1.220044735E-03 5.719687188E+03 3.771805360E+04
 6.842155983E+04 5.681936964E+03 1.215191830E-03 5.696579102E+03 5.637636632E+04
 9.122874644E+04 5.654314121E+03 1.210357264E-03 5.673471016E+03 7.567536530E+04
 1.140359330E+05 5.627081126E+03 1.205540972E-03 5.650362930E+03 9.446116176E+04
 1.368431197E+05 5.599239596E+03 1.200742889E-03 5.627254844E+03 1.138934268E+05
 1.596503063E+05 5.571944612E+03 1.195962949E-03 5.604146758E+03 1.330241617E+05
 1.824574929E+05 5.545034837E+03 1.191201089E-03 5.581038672E+03 1.523608295E+05
 2.052646795E+05 5.517960403E+03 1.186457244E-03 5.557930585E+03 1.713917927E+05
 2.280718661E+05 5.490994070E+03 1.181731349E-03 5.534822499E+03 1.910850220E+05
 2.508790527E+05 5.463703726E+03 1.177023341E-03 5.511714413E+03 2.104730303E+05
 2.736862393E+05 5.436948477E+03 1.172333156E-03 5.488606327E+03 2.300698823E+05
 2.964934259E+05 5.410579074E+03 1.167660731E-03 5.465498241E+03 2.493704128E+05
 3.193006125E+05 5.384040069E+03 1.163006002E-03 5.442390155E+03 2.693314427E+05
 3.421077991E+05 5.357163356E+03 1.158368905E-03 5.419282069E+03 2.889839566E+05
 3.649149857E+05 5.331107000E+03 1.153749379E-03 5.396173983E+03 3.088491121E+05
 3.877221724E+05 5.304883695E+03 1.149147360E-03 5.373065897E+03 3.284043614E+05
 4.105293590E+05 5.278765576E+03 1.144562786E-03 5.349957811E+03 3.485479934E+05
 4.333365456E+05 5.252309294E+03 1.139995594E-03 5.326849725E+03 3.683312727E+05
 4.561437322E+05 5.226398857E+03 1.135445723E-03 5.303741638E+03 3.887046417E+05
 4.789509188E+05 5.200589024E+03 1.130913111E-03 5.280633552E+03 4.089166945E+05
 5.017581054E+05 5.175161622E+03 1.126397695E-03 5.257525466E+03 4.288115546E+05
 5.245652920E+05 5.149560741E+03 1.121899415E-03 5.234417380E+03 4.494063585E+05
 5.473724786E+05 5.123618498E+03 1.117418209E-03 5.211309294E+03 4.694434287E+05
 5.701796652E+05 5.098493199E+03 1.112954016E-03 5.188201208E+03 4.901787659E+05
 5.929868518E+05 5.073197350E+03 1.108506775E-03 5.165093122E+03 5.107497904E+05
 6.157940384E+05 5.048003138E+03 1.104076426E-03 5.141985036E+03 5.309984453E+05
 6.386012251E+05 5.022909839E+03 1.099662908E-03 5.118876950E+03 5.519595591E+05
 6.614084117E+05 4.997749624E+03 1.095266161E-03 5.095768864E+03 5.723567551E+05
 6.842155983E+05 4.972913837E+03 1.090886125E-03 5.072660778E+03 5.934651210E+05
 7.070227849E+05 4.948120400E+03 1.086522740E-03 5.049552691E+03 6.144078355E+05
 7.298299715E+05 4.922980377E+03 1.082175946E-03 5.026444605E+03 6.350258945E+05
 7.526371581E+05 4.898381594E+03 1.077845684E-03 5.003336519E+03 6.562146843E+05
 7.754443447E+05 4.874160512E+03 1.073531895E-03 4.980228433E+03 6.771921275E+05
 7.982515313E+05 4.849761319E+03 1.069234519E-03 4.957120347E+03 6.986902104E+05
 8.210587179E+05 4.825017128E+03 1.064953498E-03 4.934012261E+03 7.200192715E+05
 8.438659045E+05 4.800809642E+03 1.060688773E-03 4.910904175E+03 7.412691513E+05
 8.666730911E+05 4.776975549E+03 1.056440286E-03 4.887796089E+03 7.627555739E+05
 8.894802778E+05 4.752968151E+03 1.052207978E-03 4.864688003E+03 7.843238410E+05
 9.122874644E+05 4.729053772E+03 1.047991791E-03 4.841579917E+03 8.055593874E+05
 9.350946510E+05 4.704791664E+03 1.043791667E-03 4.818471831E+03 8.272841394E+05
 9.579018376E+05 4.681065350E+03 1.039607550E-03 4.795363744E+03 8.493529671E+05
 9.807090242E+05 4.657435250E+03 1.035439380E-03 4.772255658E+03 8.708349446E+05
 1.003516211E+06 4.634178376E+03 1.031287101E-03 4.749147572E+03 8.930663434E+05
 1.026323397E+06 4.610739744E+03 1.027150656E-03 4.726039486E+03 9.151273752E+05
 1.049130584E+06 4.586951022E+03 1.023029988E-03 4.702931400E+03 9.372738679E+05
 1.071937771E+06 4.563971013E+03 1.018925040E-03 4.679823314E+03 9.590825277E+05
 1.094744957E+06 4.540826915E+03 1.014835756E-03 4.656715228E+03 9.813960811E+05
 1.117552144E+06 4.517761862E+03 1.010762079E-03 4.633607142E+03 1.004062913E+06
 1.140359330E+06 4.494789882E+03 1.006703952E-03 4.610499056E+03 1.026554627E+06
 1.163166517E+06 4.471464693E+03 1.002661321E-03 4.587390970E+03 1.048705706E+06
 1.185973704E+06 4.448674298E+03 9.986341293E-04 4.564282884E+03 1.071635680E+06
 1.208780890E+06 4.425974966E+03 9.946223212E-04 4.541174797E+03 1.094406705E+06
 1.231588077E+06 4.403646840E+03 9.906258412E-04 4.518066711E+03 1.117254592E+06
 1.254395264E+06 4.381132333E+03 9.866446344E-04 4.494958625E+03 1.139760215E+06
 1.277202450E+06 4.358266832E+03 9.826786455E-04 4.471850539E+03 1.162786435E+06
 1.300009637E+06 4.336204777E+03 9.787278198E-04 4.448742453E+03 1.185906306E+06
 1.322816823E+06 4.313960079E+03 9.747921026E-04 4.425634367E+03 1.209119021E+06
 1.345624010E+06 4.291805289E+03 9.708714393E-04 4.402526281E+03 1.232703900E+06
 1.368431197E+06 4.269739723E+03 9.669657757E-04 4.379418195E+03 1.256108846E+06
 1.391238383E+06 4.247319625E+03 9.630750577E-04 4.356310109E+03 1.279613207E+06
 1.414045570E+06 4.225428219E+03 9.591992312E-04 4.333202023E+03 1.302762200E+06
 1.436852756E+06 4.203625332E+03 9.553382427E-04 4.310093937E+03 1.326486948E+06
 1.459659943E+06 4.182188877E+03 9.514920384E-04 4.286985850E+03 1.350521379E+06
 1.482467130E+06 4.160435895E+03 9.476605649E-04 4.263877764E+03 1.374411637E+06
 1.505274316E+06 4.138911145E+03 9.438437691E-04 4.240769678E+03 1.398402584E+06
 1.528081503E+06 4.117459322E+03 9.400415980E-04 4.217661592E+03 1.422493337E+06
 1.550888689E+06 4.096094343E+03 9.362539985E-04 4.194553506E+03 1.446685767E+06
 1.573695876E+06 4.074815536E+03 9.324809182E-04 4.171445420E+03 1.470980381E+06
 1.596503063E+06 4.053179286E+03 9.287223044E-04 4.148337334E+03 1.494975049E+06
 1.619310249E+06 4.032068709E+03 9.249781048E-04 4.125229248E+03 1.519474454E+06
 1.642117436E+06 4.011043631E+03 9.212482673E-04 4.102121162E+03 1.544079164E+06
 1.664924622E+06 3.990381655E+03 9.175327399E-04 4.079013076E+03 1.568789765E+06
 1.687731809E+06 3.969531742E+03 9.138314708E-04 4.055904990E+03 1.593608170E+06
 1.710538996E+06 3.948320071E+03 9.101444084E-04 4.032796903E+03 1.618533676E+06
 1.733346182E+06 3.927631778E+03 9.064715012E-04 4.009688817E+03 1.643568224E+06
 1.756153369E+06 3.907302083E+03 9.028126980E-04 3.986580731E+03 1.668712455E+06
 1.778960556E+06 3.886782722E+03 8.991679475E-04 3.963472645E+03 1.693971045E+06
 1.801767742E+06 3.866347271E+03 8.955371990E-04 3.940364559E+03 1.719337955E+06
 1.824574929E+06 3.845993724E+03 8.919204017E-04 3.917256473E+03 1.744817885E+06
 1.847382115E+06 3.825279332E+03 8.883175049E-04 3.894148387E+03 1.770411535E+06
 1.870189302E+06 3.805087027E+03 8.847284582E-04 3.871040301E+03 1.796120971E+06
 1.892996489E+06 3.784989839E+03 8.811532114E-04 3.847932215E+03 1.821945570E+06
 1.915803675E+06 3.765239261E+03 8.775917144E-04 3.824824129E+03 1.847887435E+06
 1.938610862E+06 3.745293584E+03 8.740439174E-04 3.801716043E+03 1.874438260E+06
 1.961418048E+06 3.725428577E+03 8.705097705E-04 3.778607956E+03 1.900633842E+06
 1.984225235E+06 3.705199618E+03 8.669892242E-04 3.755499870E+03 1.926933399E+06
 2.007032422E+06 3.685766733E+03 8.634822291E-04 3.732391784E+03 1.953354540E+06
 2.029839608E+06 3.666141063E+03 8.599887359E-04 3.709283698E+03 1.979898063E+06
 2.052646795E+06 3.646595159E+03 8.565086956E-04 3.686175612E+03 2.006566306E+06
 2.075453981E+06 3.627128373E+03 8.530420594E-04 3.663067526E+03 2.033045506E+06
 2.098261168E+06 3.607744172E+03 8.495887784E-04 3.639959440E+03 2.059964691E+06
 2.121068355E+06 3.587989701E+03 8.461488040E-04 3.616851354E+03 2.087524234E+06
 2.143875541E+06 3.568756017E+03 8.427220880E-04 3.593743268E+03 2.114698220E+06
 2.166682728E+06 3.549600243E+03 8.393085819E-04 3.570635182E+03 2.141679573E+06
 2.189489914E+06 3.530801290E+03 8.359082379E-04 3.547527096E+03 2.169116105E+06
 2.212297101E+06 3.511802564E+03 8.325210078E-04 3.524419009E+03 2.196686359E+06
 2.235104288E+06 3.492881167E+03 8.291468441E-04 3.501310923E+03 2.224909507E+06
 2.257911474E+06 3.473591928E+03 8.257856991E-04 3.478202837E+03 2.252745803E+06
 2.280718661E+06 3.455094751E+03 8.224375253E-04 3.455094751E+03 2.280718661E+06
 2.314116442E+06 3.427730581E+03 8.212061309E-04 3.435054083E+03 2.305314029E+06
 2.347514223E+06 3.400082863E+03 8.156906349E-04 3.415013415E+03 2.329445578E+06
 2.380912004E+06 3.373078330E+03 8.102106190E-04 3.394972747E+03 2.353716237E+06
 2.414309786E+06 3.346263674E+03 8.047658660E-04 3.374932078E+03 2.378650797E+06
 2.447707567E+06 3.319164144E+03 7.993561599E-04 3.354891410E+03 2.403732458E+06
 2.481105348E+06 3.292279679E+03 7.939812860E-04 3.334850742E+03 2.428342800E+06
 2.514503129E+06 3.266006141E+03 7.886410307E-04 3.314810074E+03 2.453098473E+06
 2.547900910E+06 3.240046948E+03 7.833351818E-04 3.294769405E+03 2.478001230E+06
 2.581298692E+06 3.214126355E+03 7.780635283E-04 3.274728737E+03 2.503573626E+06
 2.614696473E+06 3.187913893E+03 7.728258604E-04 3.254688069E+03 2.528727515E+06
 2.648094254E+06 3.162334297E+03 7.676219694E-04 3.234647401E+03 2.554717474E+06
 2.681492035E+06 3.136935202E+03 7.624516480E-04 3.214606733E+03 2.580689128E+06
 2.714889816E+06 3.111243917E+03 7.573146901E-04 3.194566064E+03 2.606195402E+06
 2.748287598E+06 3.086180864E+03 7.522108906E-04 3.174525396E+03 2.631859003E+06
 2.781685379E+06 3.061293210E+03 7.471400457E-04 3.154484728E+03 2.658208769E+06
 2.815083160E+06 3.036113115E+03 7.421019528E-04 3.134444060E+03 2.684718670E+06
 2.848480941E+06 3.011553082E+03 7.370964106E-04 3.114403391E+03 2.710768057E+06
 2.881878722E+06 2.987166803E+03 7.321232186E-04 3.094362723E+03 2.737558040E+06
 2.915276504E+06 2.962488510E+03 7.271821779E-04 3.074322055E+03 2.763888665E+06
 2.948674285E+06 2.938432230E+03 7.222730904E-04 3.054281387E+03 2.790958412E+06
 2.982072066E+06 2.914538021E+03 7.173957594E-04 3.034240719E+03 2.817577465E+06
 3.015469847E+06 2.890351080E+03 7.125499892E-04 3.014200050E+03 2.844936136E+06
 3.048867628E+06 2.866771604E+03 7.077355853E-04 2.994159382E+03 2.872464682E+06
 3.082265410E+06 2.843359375E+03 7.029523544E-04 2.974118714E+03 2.899503180E+06
 3.115663191E+06 2.819655588E+03 6.982001041E-04 2.954078046E+03 2.926720999E+06
 3.149060972E+06 2.796553568E+03 6.934786434E-04 2.934037377E+03 2.954686341E+06
 3.182458753E+06 2.773613985E+03 6.887877822E-04 2.913996709E+03 2.982816540E+06
 3.215856534E+06 2.750384084E+03 6.841273316E-04 2.893956041E+03 3.010474701E+06
 3.249254316E+06 2.727746821E+03 6.794971038E-04 2.873915373E+03 3.038915530E+06
 3.282652097E+06 2.705270531E+03 6.748969121E-04 2.853874705E+03 3.067537083E+06
 3.316049878E+06 2.682505837E+03 6.703265709E-04 2.833834036E+03 3.095653313E+06
 3.349447659E+06 2.660362193E+03 6.657858956E-04 2.813793368E+03 3.123965352E+06
 3.382845440E+06 2.638342092E+03 6.612747028E-04 2.793752700E+03 3.153049280E+06
 3.416243222E+06 2.616029489E+03 6.567928101E-04 2.773712032E+03 3.182318373E+06
 3.449641003E+06 2.594299737E+03 6.523400361E-04 2.753671363E+03 3.211113612E+06
 3.483038784E+06 2.572724911E+03 6.479162006E-04 2.733630695E+03 3.240718081E+06
 3.516436565E+06 2.550860252E+03 6.435211244E-04 2.713590027E+03 3.270515465E+06
 3.549834346E+06 2.530039966E+03 6.391546293E-04 2.693549359E+03 3.299813472E+06
 3.583232128E+06 2.508433425E+03 6.348165382E-04 2.673508691E+03 3.330015200E+06
 3.616629909E+06 2.487447132E+03 6.305066750E-04 2.653468022E+03 3.360362093E+06
 3.650027690E+06 2.466610931E+03 6.262248648E-04 2.633427354E+03 3.390178005E+06
 3.683425471E+06 2.445438430E+03 6.219709334E-04 2.613386686E+03 3.420217526E+06
 3.716823252E+06 2.424886447E+03 6.177447079E-04 2.593346018E+03 3.451083347E+06
 3.750221033E+06 2.404472894E+03 6.135460162E-04 2.573305350E+03 3.482155979E+06
 3.783618815E+06 2.383725254E+03 6.093746875E-04 2.553264681E+03 3.512750112E+06
 3.817016596E+06 2.363581119E+03 6.052305517E-04 2.533224013E+03 3.544202547E+06
 3.850414377E+06 2.343581412E+03 6.011134399E-04 2.513183345E+03 3.575865898E+06
 3.883812158E+06 2.323251729E+03 5.970231840E-04 2.493142677E+03 3.607038552E+06
 3.917209939E+06 2.303517818E+03 5.929596172E-04 2.473102008E+03 3.639093284E+06
 3.950607721E+06 2.283923874E+03 5.889225733E-04 2.453061340E+03 3.671368396E+06
 3.984005502E+06 2.264004125E+03 5.849118874E-04 2.433020672E+03 3.703145759E+06
 4.017403283E+06 2.244668857E+03 5.809273953E-04 2.412980004E+03 3.735841332E+06
 4.050801064E+06 2.225472557E+03 5.769689341E-04 2.392939336E+03 3.768751677E+06
 4.084198845E+06 2.205955294E+03 5.730363415E-04 2.372898667E+03 3.801160048E+06
 4.117596627E+06 2.187168367E+03 5.691294563E-04 2.352857999E+03 3.834493217E+06
 4.150994408E+06 2.168369732E+03 5.652481184E-04 2.332817331E+03 3.868062105E+06
 4.184392189E+06 2.149229012E+03 5.613921685E-04 2.312776663E+03 3.901132907E+06
 4.217789970E+06 2.130678637E+03 5.575614482E-04 2.292735994E+03 3.935924332E+06
 4.251187751E+06 2.112261983E+03 5.537558000E-04 2.272695326E+03 3.969398348E+06
 4.284585533E+06 2.093508876E+03 5.499750676E-04 2.252654658E+03 4.003900409E+06
 4.317983314E+06 2.075337239E+03 5.462190953E-04 2.232613990E+03 4.038652528E+06
 4.351381095E+06 2.057295072E+03 5.424877286E-04 2.212573322E+03 4.072841732E+06
 4.384778876E+06 2.038922140E+03 5.387808136E-04 2.192532653E+03 4.107511963E+06
 4.418176657E+06 2.021118280E+03 5.350981976E-04 2.172491985E+03 4.143839563E+06
 4.451574439E+06 2.003443063E+03 5.314397286E-04 2.152451317E+03 4.178749342E+06
 4.484972220E+06 1.985443436E+03 5.278052557E-04 2.132410649E+03 4.214738014E+06
 4.518370001E+06 1.968010295E+03 5.241946287E-04 2.112369980E+03 4.250996261E+06
 4.551767782E+06 1.950695169E+03 5.206076983E-04 2.092329312E+03 4.286696047E+06
 4.585165563E+06 1.933060843E+03 5.170443164E-04 2.072288644E+03 4.323472415E+06
 4.618563345E+06 1.916442064E+03 5.135043353E-04 2.052247976E+03 4.360526305E+06
 4.651961126E+06 1.899011782E+03 5.099876084E-04 2.032207308E+03 4.397866075E+06
 4.685358907E+06 1.882174841E+03 5.064939901E-04 2.012166639E+03 4.435493883E+06
 4.718756688E+06 1.865458321E+03 5.030233355E-04 1.992125971E+03 4.472538426E+06
 4.752154469E+06 1.848382937E+03 4.995755006E-04 1.972085303E+03 4.510739028E+06
 4.785552251E+06 1.831887282E+03 4.961503422E-04 1.952044635E+03 4.549224233E+06
 4.818950032E+06 1.815511466E+03 4.927477181E-04 1.932003966E+03 4.588015853E+06
 4.852347813E+06 1.798784604E+03 4.893674867E-04 1.911963298E+03 4.627116484E+06
 4.885745594E+06 1.782663168E+03 4.860095075E-04 1.891922630E+03 4.665630568E+06
 4.919143375E+06 1.766623092E+03 4.826736408E-04 1.871881962E+03 4.705338195E+06
 4.952541157E+06 1.750233729E+03 4.793597475E-04 1.851841294E+03 4.745365905E+06
 4.985938938E+06 1.734405574E+03 4.760676895E-04 1.831800625E+03 4.785723503E+06
 5.019336719E+06 1.718692684E+03 4.727973296E-04 1.811759957E+03 4.826414197E+06
 5.052734500E+06 1.702639052E+03 4.695485313E-04 1.791719289E+03 4.866546343E+06
 5.086132281E+06 1.687135470E+03 4.663211589E-04 1.771678621E+03 4.908902580E+06
 5.119530062E+06 1.671743291E+03 4.631150775E-04 1.751637952E+03 4.949667698E+06
 5.152927844E+06 1.656018973E+03 4.599301532E-04 1.731597284E+03 4.991725690E+06
 5.186325625E+06 1.641296977E+03 4.567662526E-04 1.711556616E+03 5.034144645E+06
 5.219723406E+06 1.625752126E+03 4.536232433E-04 1.691515948E+03 5.076936031E+06
 5.253121187E+06 1.610794455E+03 4.505009936E-04 1.671475280E+03 5.120096728E+06
 5.286518968E+06 1.595937365E+03 4.473993727E-04 1.651434611E+03 5.163638571E+06
 5.319916750E+06 1.580710916E+03 4.443182504E-04 1.631393943E+03 5.207566135E+06
 5.353314531E+06 1.566050096E+03 4.412574975E-04 1.611353275E+03 5.251908340E+06
 5.386712312E+06 1.551496599E+03 4.382169853E-04 1.591312607E+03 5.296629912E+06
 5.420110093E+06 1.536583756E+03 4.351965862E-04 1.571271939E+03 5.340778425E+06
 5.453507874E+06 1.522224256E+03 4.321961731E-04 1.551231270E+03 5.387303783E+06
 5.486905656E+06 1.507968321E+03 4.292156196E-04 1.531190602E+03 5.432266197E+06
 5.520303437E+06 1.493363094E+03 4.262548005E-04 1.511149934E+03 5.479672111E+06
 5.553701218E+06 1.479295434E+03 4.233135908E-04 1.491109266E+03 5.525485638E+06
 5.587098999E+06 1.465330974E+03 4.203918666E-04 1.471068597E+03 5.573790754E+06
 5.620496780E+06 1.451027929E+03 4.174895046E-04 1.451027929E+03 5.620496780E+06
 5.775249443E+06 1.386524284E+03 4.076561568E-04 1.436661838E+03 5.654366132E+06
 5.930002105E+06 1.324820556E+03 3.899500888E-04 1.422295746E+03 5.688584894E+06
 6.084754767E+06 1.265798479E+03 3.729917896E-04 1.407929655E+03 5.723141788E+06
 6.239507430E+06 1.209339177E+03 3.567506351E-04 1.393563563E+03 5.758027551E+06
 6.394260092E+06 1.155338174E+03 3.411972131E-04 1.379197472E+03 5.793265501E+06
 6.549012754E+06 1.103699944E+03 3.263032777E-04 1.364831381E+03 5.828862895E+06
 6.703765416E+06 1.054317277E+03 3.120417045E-04 1.350465289E+03 5.864845978E+06
 6.858518079E+06 1.007094225E+03 2.983864476E-04 1.336099198E+03 5.901203632E+06
 7.013270741E+06 9.619392473E+02 2.853124988E-04 1.321733106E+03 5.937927150E+06
 7.168023403E+06 9.187569013E+02 2.727958472E-04 1.307367015E+03 5.975041711E+06
 7.322776066E+06 8.774768590E+02 2.608134413E-04 1.293000923E+03 6.012555821E+06
 7.477528728E+06 8.380039601E+02 2.493431518E-04 1.278634832E+03 6.050497936E+06
 7.632281390E+06 8.002750806E+02 2.383637362E-04 1.264268741E+03 6.088857659E+06
 7.787034052E+06 7.642133494E+02 2.278548047E-04 1.249902649E+03 6.127626483E+06
 7.941786715E+06 7.297309484E+02 2.177967868E-04 1.235536558E+03 6.166832045E+06
 8.096539377E+06 6.967783228E+02 2.081708999E-04 1.221170466E+03 6.206484405E+06
 8.251292039E+06 6.652757564E+02 1.989591186E-04 1.206804375E+03 6.246618424E+06
 8.406044702E+06 6.351750626E+02 1.901441453E-04 1.192438283E+03 6.287217269E+06
 8.560797364E+06 6.064090771E+02 1.817093819E-04 1.178072192E+03 6.328276605E+06
 8.715550026E+06 5.789196437E+02 1.736389024E-04 1.163706101E+03 6.369826952E+06
 8.870302688E+06 5.526519186E+02 1.659174267E-04 1.149340009E+03 6.411901621E+06
 9.025055351E+06 5.275529468E+02 1.585302954E-04 1.134973918E+03 6.454471654E+06
 9.179808013E+06 5.035663698E+02 1.514634455E-04 1.120607826E+03 6.497591942E+06
 9.334560675E+06 4.806552766E+02 1.447033868E-04 1.106241735E+03 6.541233738E+06
 9.489313338E+06 4.587674040E+02 1.382371795E-04 1.091875643E+03 6.585431544E+06
 9.644066000E+06 4.378509951E+02 1.320524125E-04 1.077509552E+03 6.630223723E+06
 9.798818662E+06 4.178778873E+02 1.261371826E-04 1.063143460E+03 6.675601979E+06
 9.953571324E+06 3.988002721E+02 1.204800745E-04 1.048777369E+03 6.721560340E+06
 1.010832399E+07 3.805784954E+02 1.150701412E-04 1.034411278E+03 6.768136608E+06
 1.026307665E+07 3.631754654E+02 1.098968858E-04 1.020045186E+03 6.815372888E+06
 1.041782931E+07 3.465552302E+02 1.049502434E-04 1.005679095E+03 6.863262731E+06
 1.057258197E+07 3.306799630E+02 1.002205640E-04 9.913130033E+02 6.911801333E+06
 1.072733464E+07 3.155242733E+02 9.569859587E-05 9.769469119E+02 6.961056826E+06
 1.088208730E+07 3.010525293E+02 9.137547000E-05 9.625808204E+02 7.011023384E+06
 1.103683996E+07 2.872349611E+02 8.724268439E-05 9.482147290E+02 7.061699450E+06
 1.119159262E+07 2.740354750E+02 8.329208961E-05 9.338486376E+02 7.113129922E+06
 1.134634529E+07 2.614409446E+02 7.951587463E-05 9.194825461E+02 7.165365176E+06
 1.150109795E+07 2.494197315E+02 7.590655320E-05 9.051164547E+02 7.218403345E+06
 1.165585061E+07 2.379473713E+02 7.245695084E-05 8.907503633E+02 7.272243891E+06
 1.181060327E+07 2.269850814E+02 6.916019224E-05 8.763842718E+02 7.326966513E+06
 1.196535593E+07 2.165285450E+02 6.600968924E-05 8.620181804E+02 7.382572079E+06
 1.212010860E+07 2.065485462E+02 6.299912922E-05 8.476520890E+02 7.439063137E+06
 1.227486126E+07 1.970242292E+02 6.012246395E-05 8.332859975E+02 7.496525343E+06
 1.242961392E+07 1.879347606E+02 5.737389885E-05 8.189199061E+02 7.554963599E+06
 1.258436658E+07 1.792610882E+02 5.474788276E-05 8.045538147E+02 7.614383738E+06
 1.273911925E+07 1.709845511E+02 5.223909800E-05 7.901877232E+02 7.674848254E+06
 1.289387191E+07 1.630886268E+02 4.984245089E-05 7.758216318E+02 7.736450152E+06
 1.304862457E+07 1.555540062E+02 4.755306261E-05 7.614555404E+02 7.799154800E+06
 1.320337723E+07 1.483584154E+02 4.536626042E-05 7.470894489E+02 7.862995664E+06
 1.335812989E+07 1.415008086E+02 4.327756926E-05 7.327233575E+02 7.928079791E+06
 1.351288256E+07 1.349589998E+02 4.128270362E-05 7.183572661E+02 7.994423514E+06
 1.366763522E+07 1.287191467E+02 3.937755981E-05 7.039911746E+02 8.062043906E+06
 1.382238788E+07 1.227670733E+02 3.755820845E-05 6.896250832E+02 8.131061863E+06
 1.397714054E+07 1.170901532E+02 3.582088732E-05 6.752589918E+02 8.201500129E+06
 1.413189321E+07 1.116758531E+02 3.416199447E-05 6.608929003E+02 8.273419692E+06
 1.428664587E+07 1.065175217E+02 3.257808162E-05 6.465268089E+02 8.346884996E+06
 1.444139853E+07 1.015935200E+02 3.106584778E-05 6.321607175E+02 8.421927427E+06
 1.459615119E+07 9.689819391E+01 2.962213318E-05 6.177946260E+02 8.498735031E+06
 1.475090386E+07 9.242106130E+01 2.824391340E-05 6.034285346E+02 8.577232227E+06
 1.490565652E+07 8.815256527E+01 2.692829378E-05 5.890624432E+02 8.657618951E+06
 1.506040918E+07 8.408263467E+01 2.567250399E-05 5.746963517E+02 8.739947942E+06
 1.521516184E+07 8.020257603E+01 2.447389287E-05 5.603302603E+02 8.824317209E+06
 1.536991450E+07 7.650361739E+01 2.332992348E-05 5.459641689E+02 8.910831055E+06
 1.552466717E+07 7.297880814E+01 2.223816828E-05 5.315980774E+02 8.999603483E+06
 1.567941983E+07 6.961773900E+01 2.119630461E-05 5.172319860E+02 9.090757170E+06
 1.583417249E+07 6.642141335E+01 2.020211027E-05 5.028658946E+02 9.184433310E+06
 1.598892515E+07 6.336837965E+01 1.925345931E-05 4.884998031E+02 9.280760756E+06
 1.614367782E+07 6.045841099E+01 1.834831798E-05 4.741337117E+02 9.379954313E+06
 1.629843048E+07 5.768525053E+01 1.748474088E-05 4.597676203E+02 9.482037357E+06
 1.645318314E+07 5.504250597E+01 1.666086720E-05 4.454015288E+02 9.587402150E+06
 1.660793580E+07 5.252621334E+01 1.587491716E-05 4.310354374E+02 9.696098632E+06
 1.676268847E+07 5.012412549E+01 1.512518862E-05 4.166693460E+02 9.808406748E+06
 1.691744113E+07 4.784540186E+01 1.441005376E-05 4.023032545E+02 9.924640947E+06
 1.707219379E+07 4.566723048E+01 1.372795593E-05 3.879371631E+02 1.004495945E+07
 1.722694645E+07 4.359201210E+01 1.307740666E-05 3.735710717E+02 1.016979566E+07
 1.738169911E+07 4.162234573E+01 1.245698273E-05 3.592049802E+02 1.029937277E+07
 1.753645178E+07 3.973915419E+01 1.186532340E-05 3.448388888E+02 1.043420995E+07
 1.769120444E+07 3.792886666E+01 1.130112777E-05 3.304727974E+02 1.057464792E+07
 1.784595710E+07 3.623664141E+01 1.076315221E-05 3.161067059E+02 1.072125944E+07
 1.800070976E+07 3.461035069E+01 1.025020789E-05 3.017406145E+02 1.087457238E+07
 1.815546243E+07 3.306025771E+01 9.761158484E-06 2.873745231E+02 1.103524218E+07
 1.831021509E+07 3.159128992E+01 9.294917866E-06 2.730084316E+02 1.120401984E+07
 1.846496775E+07 3.018577299E+01 8.850447996E-06 2.586423402E+02 1.138168595E+07
 1.861972041E+07 2.885399622E+01 8.426756833E-06 2.442762488E+02 1.156952719E+07
 1.877447307E+07 2.757936898E+01 8.022896360E-06 2.299101573E+02 1.176862878E+07
 1.892922574E+07 2.636558571E+01 7.637960685E-06 2.155440659E+02 1.198038961E+07
 1.908397840E+07 2.521477206E+01 7.271084221E-06 2.011779745E+02 1.220646324E+07
 1.923873106E+07 2.411442327E+01 6.921439948E-06 1.868118830E+02 1.244921224E+07
 1.939348372E+07 2.306682255E+01 6.588237740E-06 1.724457916E+02 1.271117641E+07
 1.954823639E+07 2.206932173E+01 6.270722765E-06 1.580797002E+02 1.299588867E+07
 1.970298905E+07 2.112736656E+01 5.968173955E-06 1.437136087E+02 1.330750253E+07
 1.985774171E+07 2.023052922E+01 5.679902536E-06 1.293475173E+02 1.365175543E+07
 2.001249437E+07 1.937024922E+01 5.405250623E-06 1.149814259E+02 1.403679337E+07
 2.016724704E+07 1.855248594E+01 5.143589875E-06 1.006153344E+02 1.447293993E+07
 2.032199970E+07 1.777289447E+01 4.894320201E-06 8.624924299E+01 1.497712990E+07
 2.047675236E+07 1.703814528E+01 4.656868528E-06 7.188315156E+01 1.557442311E+07
 2.063150502E+07 1.633224375E+01 4.430687620E-06 5.751706013E+01 1.630800881E+07
 2.078625768E+07 1.566722333E+01 4.215254938E-06 4.315096869E+01 1.726113014E+07
 2.094101035E+07 1.502765679E+01 4.010071566E-06 2.878487726E+01 1.862783761E+07
 2.109576301E+07 1.441878583E+01 3.814661162E-06 1.441878583E+01 2.109576301E+07
 2.136218891E+07 1.340638158E+01 3.666650033E-06 1.427464960E+01 2.113256071E+07
 2.162861480E+07 1.246341498E+01 3.414995751E-06 1.413051337E+01 2.116972062E+07
 2.189504070E+07 1.158520513E+01 3.180176711E-06 1.398637714E+01 2.120725367E+07
 2.216146659E+07 1.076744235E+01 2.961097659E-06 1.384224091E+01 2.124516298E+07
 2.242789249E+07 1.000605737E+01 2.756732444E-06 1.369810468E+01 2.128345732E+07
 2.269431839E+07 9.297281819E+00 2.566119800E-06 1.355396845E+01 2.132215100E+07
 2.296074428E+07 8.637560343E+00 2.388359385E-06 1.340983222E+01 2.136124791E+07
 2.322717018E+07 8.023587954E+00 2.222608042E-06 1.326569598E+01 2.140075666E+07
 2.349359607E+07 7.452251147E+00 2.068076291E-06 1.312155975E+01 2.144068614E+07
 2.376002197E+07 6.920682860E+00 1.924025021E-06 1.297742352E+01 2.148104127E+07
 2.402644787E+07 6.426165956E+00 1.789762386E-06 1.283328729E+01 2.152184006E+07
 2.429287376E+07 5.966191276E+00 1.664640874E-06 1.268915106E+01 2.156308806E+07
 2.455929966E+07 5.538410972E+00 1.548054564E-06 1.254501483E+01 2.160479541E+07
 2.482572555E+07 5.140586901E+00 1.439436535E-06 1.240087860E+01 2.164697261E+07
 2.509215145E+07 4.770734304E+00 1.338256442E-06 1.225674237E+01 2.168963050E+07
 2.535857735E+07 4.426889929E+00 1.244018225E-06 1.211260614E+01 2.173278033E+07
 2.562500324E+07 4.107277395E+00 1.156257965E-06 1.196846991E+01 2.177642756E+07
 2.589142914E+07 3.810235395E+00 1.074541870E-06 1.182433368E+01 2.182059535E+07
 2.615785503E+07 3.534223603E+00 9.984643750E-07 1.168019745E+01 2.186529034E+07
 2.642428093E+07 3.277729427E+00 9.276463648E-07 1.153606122E+01 2.191052648E+07
 2.669070683E+07 3.039480492E+00 8.617335022E-07 1.139192499E+01 2.195631921E+07
 2.695713272E+07 2.818162759E+00 8.003946584E-07 1.124778876E+01 2.200267387E+07
 2.722355862E+07 2.612591785E+00 7.433204391E-07 1.110365253E+01 2.204961802E+07
 2.748998451E+07 2.421726245E+00 6.902218014E-07 1.095951630E+01 2.209716021E+07
 2.775641041E+07 2.244494880E+00 6.408287561E-07 1.081538007E+01 2.214531607E+07
 2.802283631E+07 2.079953576E+00 5.948891490E-07 1.067124384E+01 2.219409764E+07
 2.828926220E+07 1.927223702E+00 5.521675185E-07 1.052710761E+01 2.224353030E+07
 2.855568810E+07 1.785463855E+00 5.124440231E-07 1.038297138E+01 2.229362747E+07
 2.882211399E+07 1.653897716E+00 4.755134365E-07 1.023883515E+01 2.234440242E+07
 2.908853989E+07 1.531855487E+00 4.411842040E-07 1.009469892E+01 2.239587959E+07
 2.935496579E+07 1.418604456E+00 4.092775590E-07 9.950562695E+00 2.244807857E+07
 2.962139168E+07 1.313567900E+00 3.796266940E-07 9.806426465E+00 2.250102524E+07
 2.988781758E+07 1.216140600E+00 3.520759839E-07 9.662290235E+00 2.255473641E+07
 3.015424347E+07 1.125788520E+00 3.264802579E-07 9.518154005E+00 2.260923478E+07
 3.042066937E+07 1.042017765E+00 3.027041176E-07 9.374017775E+00 2.266454412E+07
 3.068709527E+07 9.643410214E-01 2.806212979E-07 9.229881545E+00 2.272068263E+07
 3.095352116E+07 8.923562005E-01 2.601140686E-07 9.085745315E+00 2.277768793E+07
 3.121994706E+07 8.256065454E-01 2.410726736E-07 8.941609085E+00 2.283558106E+07
 3.148637295E+07 7.637509192E-01 2.233948062E-07 8.797472855E+00 2.289439184E+07
 3.175279885E+07 7.064609646E-01 2.069851176E-07 8.653336625E+00 2.295414435E+07
 3.201922475E+07 6.533652837E-01 1.917547570E-07 8.509200395E+00 2.301488429E+07
 3.228565064E+07 6.041932869E-01 1.776209410E-07 8.365064165E+00 2.307663630E+07
 3.255207654E+07 5.586329600E-01 1.645065508E-07 8.220927935E+00 2.313943148E+07
 3.281850243E+07 5.164466182E-01 1.523397551E-07 8.076791705E+00 2.320330850E+07
 3.308492833E+07 4.773664473E-01 1.410536575E-07 7.932655475E+00 2.326831270E+07
 3.335135423E+07 4.412177046E-01 1.305859672E-07 7.788519245E+00 2.333447448E+07
 3.361778012E+07 4.077241880E-01 1.208786896E-07 7.644383015E+00 2.340183621E+07
 3.388420602E+07 3.767267616E-01 1.118778388E-07 7.500246785E+00 2.347045951E+07
 3.415063191E+07 3.480591462E-01 1.035331676E-07 7.356110555E+00 2.354038173E+07
 3.441705781E+07 3.215068474E-01 9.579791547E-08 7.211974325E+00 2.361165370E+07
 3.468348371E+07 2.969622443E-01 8.862857319E-08 7.067838095E+00 2.368432927E+07
 3.494990960E+07 2.742353081E-01 8.198466263E-08 6.923701865E+00 2.375845310E+07
 3.521633550E+07 2.532360371E-01 7.582853123E-08 6.779565635E+00 2.383410379E+07
 3.548276139E+07 2.337971721E-01 7.012515989E-08 6.635429405E+00 2.391133666E+07
 3.574918729E+07 2.158284759E-01 6.484198359E-08 6.491293175E+00 2.399023547E+07
 3.601561319E+07 1.991922958E-01 5.994872392E-08 6.347156945E+00 2.407086031E+07
 3.628203908E+07 1.838483518E-01 5.541723258E-08 6.203020715E+00 2.415328988E+07
 3.654846498E+07 1.696537083E-01 5.122134547E-08 6.058884485E+00 2.423760656E+07
 3.681489087E+07 1.565302044E-01 4.733674633E-08 5.914748255E+00 2.432390645E+07
 3.708131677E+07 1.444032220E-01 4.374083959E-08 5.770612025E+00 2.441227980E+07
 3.734774267E+07 1.332043126E-01 4.041263170E-08 5.626475795E+00 2.450284479E+07
 3.761416856E+07 1.228473043E-01 3.733262039E-08 5.482339565E+00 2.459569217E+07
 3.788059446E+07 1.132843346E-01 3.448269143E-08 5.338203335E+00 2.469095742E+07
 3.814702035E+07 1.044400635E-01 3.184602225E-08 5.194067105E+00 2.478877024E+07
 3.841344625E+07 9.628861406E-02 2.940699218E-08 5.049930875E+00 2.488925973E+07
 3.867987215E+07 8.876798646E-02 2.715109869E-08 4.905794645E+00 2.499259748E+07
 3.894629804E+07 8.181732224E-02 2.506487931E-08 4.761658415E+00 2.509894025E+07
 3.921272394E+07 7.540350248E-02 2.313583889E-08 4.617522185E+00 2.520846905E+07
 3.947914983E+07 6.947843114E-02 2.135238176E-08 4.473385955E+00 2.532138828E+07
 3.974557573E+07 6.400975365E-02 1.970374860E-08 4.329249725E+00 2.543791698E+07
 4.001200163E+07 5.896658175E-02 1.817995753E-08 4.185113495E+00 2.555830397E+07
 4.027842752E+07 5.430382031E-02 1.677174931E-08 4.040977265E+00 2.568280657E+07
 4.054485342E+07 5.002562864E-02 1.547053630E-08 3.896841035E+00 2.581170330E+07
 4.081127931E+07 4.605895191E-02 1.426835483E-08 3.752704805E+00 2.594537387E+07
 4.107770521E+07 4.240288961E-02 1.315782105E-08 3.608568575E+00 2.608414093E+07
 4.134413111E+07 3.904021514E-02 1.213208961E-08 3.464432344E+00 2.622842475E+07
 4.161055700E+07 3.594067169E-02 1.118481537E-08 3.320296114E+00 2.637869803E+07
 4.187698290E+07 3.307300327E-02 1.031011770E-08 3.176159884E+00 2.653548000E+07
 4.214340879E+07 3.044779672E-02 9.502547241E-09 3.032023654E+00 2.669936382E+07
 4.240983469E+07 2.800652695E-02 8.757055035E-09 2.887887424E+00 2.687104179E+07
 4.267626059E+07 2.576821002E-02 8.068963772E-09 2.743751194E+00 2.705131560E+07
 4.294268648E+07 2.369841533E-02 7.433941068E-09 2.599614964E+00 2.724106223E+07
 4.320911238E+07 2.179778872E-02 6.847974607E-09 2.455478734E+00 2.744140412E+07
 4.347553827E+07 2.005049716E-02 6.307349037E-09 2.311342504E+00 2.765356337E+07
 4.374196417E+07 1.842716772E-02 5.808624490E-09 2.167206274E+00 2.787912024E+07
 4.400839007E+07 1.695304688E-02 5.348616613E-09 2.023070044E+00 2.811974587E+07
 4.427481596E+07 1.558076542E-02 4.924378020E-09 1.878933814E+00 2.837779437E+07
 4.454124186E+07 1.433727451E-02 4.533181047E-09 1.734797584E+00 2.865595124E+07
 4.480766775E+07 1.314881917E-02 4.172501745E-09 1.590661354E+00 2.895769110E+07
 4.507409365E+07 1.210087277E-02 3.840004994E-09 1.446525124E+00 2.928740710E+07
 4.534051955E+07 1.112534471E-02 3.533530696E-09 1.302388894E+00 2.965095635E+07
 4.560694544E+07 1.021563614E-02 3.251080939E-09 1.158252664E+00 3.005613801E+07
 4.587337134E+07 9.385828042E-03 2.990808092E-09 1.014116434E+00 3.051405107E+07
 4.613979723E+07 8.608879839E-03 2.751003742E-09 8.699802044E-01 3.104057449E+07
 4.640622313E+07 7.915955918E-03 2.530088437E-09 7.258439744E-01 3.166031783E+07
 4.667264903E+07 7.265980477E-03 2.326602156E-09 5.817077443E-01 3.241454382E+07
 4.693907492E+07 6.671958352E-03 2.139195479E-09 4.375715143E-01 3.337942697E+07
 4.720550082E+07 6.120572470E-03 1.966621382E-09 2.934352843E-01 3.472346336E+07
 4.747192671E+07 5.614994271E-03 1.807727636E-09 1.492990543E-01 3.697090427E+07
 4.773835261E+07 5.162824316E-03 1.661449755E-09 5.162824316E-03 4.773835200E+07
 4.778998085E+07 5.111196073E-03 1.000000000E-09 5.111196073E-03 4.778998086E+07
 4.784160910E+07 5.059567830E-03 1.000000000E-09 5.059567830E-03 4.784160910E+07
 4.789323734E+07 5.007939587E-03 1.000000000E-09 5.007939587E-03 4.789323700E+07
 4.794486558E+07 4.956311344E-03 1.000000000E-09 4.956311344E-03 4.794486558E+07
 4.799649383E+07 4.904683100E-03 1.000000000E-09 4.904683100E-03 4.799649382E+07
 4.804812207E+07 4.853054857E-03 1.000000000E-09 4.853054857E-03 4.804812100E+07
 4.809975031E+07 4.801426614E-03 1.000000000E-09 4.801426614E-03 4.809975100E+07
 4.815137856E+07 4.749798371E-03 1.000000000E-09 4.749798371E-03 4.815137600E+07
 4.820300680E+07 4.698170128E-03 1.000000000E-09 4.698170128E-03 4.820299200E+07
 4.825463504E+07 4.646541885E-03 1.000000000E-09 4.646541885E-03 4.825463504E+07
 4.830626329E+07 4.594913641E-03 1.000000000E-09 4.594913641E-03 4.830627200E+07
 4.835789153E+07 4.543285398E-03 1.000000000E-09 4.543285398E-03 4.835789000E+07
 4.840951977E+07 4.491657155E-03 1.000000000E-09 4.491657155E-03 4.840952000E+07
 4.846114801E+07 4.440028912E-03 1.000000000E-09 4.440028912E-03 4.846114801E+07
 4.851277626E+07 4.388400669E-03 1.000000000E-09 4.388400669E-03 4.851277700E+07
 4.856440450E+07 4.336772426E-03 1.000000000E-09 4.336772426E-03 4.856440450E+07
 4.861603274E+07 4.285144182E-03 1.000000000E-09 4.285144182E-03 4.861603275E+07
 4.866766099E+07 4.233515939E-03 1.000000000E-09 4.233515939E-03 4.866766094E+07
 4.871928923E+07 4.181887696E-03 1.000000000E-09 4.181887696E-03 4.871928919E+07
 4.877091747E+07 4.130259453E-03 1.000000000E-09 4.130259453E-03 4.877091744E+07
 4.882254572E+07 4.078631210E-03 1.000000000E-09 4.078631210E-03 4.882254573E+07
 4.887417396E+07 4.027002967E-03 1.000000000E-09 4.027002967E-03 4.887417498E+07
 4.892580220E+07 3.975374723E-03 1.000000000E-09 3.975374723E-03 4.892580200E+07
 4.897743045E+07 3.923746480E-03 1.000000000E-09 3.923746480E-03 4.897743000E+07
 4.902905869E+07 3.872118237E-03 1.000000000E-09 3.872118237E-03 4.902905600E+07
 4.908068693E+07 3.820489994E-03 1.000000000E-09 3.820489994E-03 4.908068700E+07
 4.913231518E+07 3.768861751E-03 1.000000000E-09 3.768861751E-03 4.913231518E+07
 4.918394342E+07 3.717233508E-03 1.000000000E-09 3.717233508E-03 4.918394712E+07
 4.923557166E+07 3.665605264E-03 1.000000000E-09 3.665605264E-03 4.923554287E+07
 4.928719991E+07 3.613977021E-03 1.000000000E-09 3.613977021E-03 4.928716800E+07
 4.933882815E+07 3.562348778E-03 1.000000000E-09 3.562348778E-03 4.933882815E+07
 4.939045639E+07 3.510720535E-03 1.000000000E-09 3.510720535E-03 4.939045619E+07
 4.944208463E+07 3.459092292E-03 1.000000000E-09 3.459092292E-03 4.944208469E+07
 4.949371288E+07 3.407464049E-03 1.000000000E-09 3.407464049E-03 4.949371288E+07
 4.954534112E+07 3.355835806E-03 1.000000000E-09 3.355835806E-03 4.954534112E+07
 4.959696936E+07 3.304207562E-03 1.000000000E-09 3.304207562E-03 4.959696937E+07
 4.964859761E+07 3.252579319E-03 1.000000000E-09 3.252579319E-03 4.964859761E+07
 4.970022585E+07 3.200951076E-03 1.000000000E-09 3.200951076E-03 4.970022600E+07
 4.975185409E+07 3.149322833E-03 1.000000000E-09 3.149322833E-03 4.975185409E+07
 4.980348234E+07 3.097694590E-03 1.000000000E-09 3.097694590E-03 4.980351263E+07
 4.985511058E+07 3.046066347E-03 1.000000000E-09 3.046066347E-03 4.985514636E+07
 4.990673882E+07 2.994438103E-03 1.000000000E-09 2.994438103E-03 4.990673900E+07
 4.995836707E+07 2.942809860E-03 1.000000000E-09 2.942809860E-03 4.995836707E+07
 5.000999531E+07 2.891181617E-03 1.000000000E-09 2.891181617E-03 5.000999531E+07
 5.006162355E+07 2.839553374E-03 1.000000000E-09 2.839553374E-03 5.006162355E+07
 5.011325180E+07 2.787925131E-03 1.000000000E-09 2.787925131E-03 5.011325181E+07
 5.016488004E+07 2.736296888E-03 1.000000000E-09 2.736296888E-03 5.016488100E+07
 5.021650828E+07 2.684668644E-03 1.000000000E-09 2.684668644E-03 5.021653651E+07
 5.026813653E+07 2.633040401E-03 1.000000000E-09 2.633040401E-03 5.026813676E+07
 5.031976477E+07 2.581412158E-03 1.000000000E-09 2.581412158E-03 5.031976487E+07
 5.037139301E+07 2.529783915E-03 1.000000000E-09 2.529783915E-03 5.037140800E+07
 5.042302126E+07 2.478155672E-03 1.000000000E-09 2.478155672E-03 5.042302126E+07
 5.047464950E+07 2.426527429E-03 1.000000000E-09 2.426527429E-03 5.047464950E+07
 5.052627774E+07 2.374899185E-03 1.000000000E-09 2.374899185E-03 5.052627800E+07
 5.057790598E+07 2.323270942E-03 1.000000000E-09 2.323270942E-03 5.057790600E+07
 5.062953423E+07 2.271642699E-03 1.000000000E-09 2.271642699E-03 5.062953423E+07
 5.068116247E+07 2.220014456E-03 1.000000000E-09 2.220014456E-03 5.068116247E+07
 5.073279071E+07 2.168386213E-03 1.000000000E-09 2.168386213E-03 5.073281753E+07
 5.078441896E+07 2.116757970E-03 1.000000000E-09 2.116757970E-03 5.078441896E+07
 5.083604720E+07 2.065129726E-03 1.000000000E-09 2.065129726E-03 5.083604800E+07
 5.088767544E+07 2.013501483E-03 1.000000000E-09 2.013501483E-03 5.088767772E+07
 5.093930369E+07 1.961873240E-03 1.000000000E-09 1.961873240E-03 5.093934784E+07
 5.099093193E+07 1.910244997E-03 1.000000000E-09 1.910244997E-03 5.099093100E+07
 5.104256017E+07 1.858616754E-03 1.000000000E-09 1.858616754E-03 5.104256018E+07
 5.109418842E+07 1.806988511E-03 1.000000000E-09 1.806988511E-03 5.109418842E+07
 5.114581666E+07 1.755360267E-03 1.000000000E-09 1.755360267E-03 5.114581700E+07
 5.119744490E+07 1.703732024E-03 1.000000000E-09 1.703732024E-03 5.119744500E+07
 5.124907315E+07 1.652103781E-03 1.000000000E-09 1.652103781E-03 5.124911257E+07
 5.130070139E+07 1.600475538E-03 1.000000000E-09 1.600475538E-03 5.130070200E+07
 5.135232963E+07 1.548847295E-03 1.000000000E-09 1.548847295E-03 5.135232982E+07
 5.140395788E+07 1.497219052E-03 1.000000000E-09 1.497219052E-03 5.140395788E+07
 5.145558612E+07 1.445590809E-03 1.000000000E-09 1.445590809E-03 5.145558612E+07
 5.150721436E+07 1.393962565E-03 1.000000000E-09 1.393962565E-03 5.150721600E+07
 5.155884260E+07 1.342334322E-03 1.000000000E-09 1.342334322E-03 5.155885152E+07
 5.161047085E+07 1.290706079E-03 1.000000000E-09 1.290706079E-03 5.161047542E+07
 5.166209909E+07 1.239077836E-03 1.000000000E-09 1.239077836E-03 5.166214590E+07
 5.171372733E+07 1.187449593E-03 1.000000000E-09 1.187449593E-03 5.171372733E+07
 5.176535558E+07 1.135821350E-03 1.000000000E-09 1.135821350E-03 5.176535558E+07
 5.181698382E+07 1.084193106E-03 1.000000000E-09 1.084193106E-03 5.181698382E+07
 5.186861206E+07 1.032564863E-03 1.000000000E-09 1.032564863E-03 5.186861206E+07
 5.192024031E+07 9.809366201E-04 1.000000000E-09 9.809366201E-04 5.192024031E+07
 5.197186855E+07 9.293083769E-04 1.000000000E-09 9.293083769E-04 5.197186855E+07
 5.202349679E+07 8.776801337E-04 1.000000000E-09 8.776801337E-04 5.202349838E+07
 5.207512504E+07 8.260518906E-04 1.000000000E-09 8.260518906E-04 5.207512504E+07
 5.212675328E+07 7.744236474E-04 1.000000000E-09 7.744236474E-04 5.212675328E+07
 5.217838152E+07 7.227954043E-04 1.000000000E-09 7.227954043E-04 5.217836800E+07
 5.223000977E+07 6.711671611E-04 1.000000000E-09 6.711671611E-04 5.223000977E+07
 5.228163801E+07 6.195389179E-04 1.000000000E-09 6.195389179E-04 5.228163200E+07
 5.233326625E+07 5.679106748E-04 1.000000000E-09 5.679106748E-04 5.233326625E+07
 5.238489450E+07 5.162824316E-04 1.000000000E-09 5.162824316E-04 5.238489450E+07
 5.243652274E+07 4.646541885E-04 1.000000000E-09 4.646541885E-04 5.243652274E+07
 5.248815098E+07 4.130259453E-04 1.000000000E-09 4.130259453E-04 5.248815098E+07
 5.253977922E+07 3.613977021E-04 1.000000000E-09 3.613977021E-04 5.253978000E+07
 5.259140747E+07 3.097694590E-04 1.000000000E-09 3.097694590E-04 5.259145960E+07
 5.264303571E+07 2.581412158E-04 1.000000000E-09 2.581412158E-04 5.264304000E+07
 5.269466395E+07 2.065129726E-04 1.000000000E-09 2.065129726E-04 5.269466395E+07
 5.274629220E+07 1.548847295E-04 1.000000000E-09 1.548847295E-04 5.274629220E+07
 5.279792044E+07 1.032564863E-04 1.000000000E-09 1.032564863E-04 5.279792044E+07
 5.284954868E+07 5.162824316E-05 1.000000000E-09 5.162824316E-05 5.284959510E+07
