DENSITY AND THICKNESS DATA OF THE ATMOSPHERE AT AN ZENITH ANGLE OF 85.0 DEGREES
 0.000000000E+00 1.057187280E+04 1.229805824E-03 1.057187280E+04 0.000000000E+00
 4.415350366E+04 1.051822822E+04 1.225052902E-03 1.052705791E+04 3.651026867E+04
 8.830700732E+04 1.046415664E+04 1.220314621E-03 1.048224302E+04 7.313671395E+04
 1.324605110E+05 1.040996117E+04 1.215590953E-03 1.043742813E+04 1.098797731E+05
 1.766140146E+05 1.035688695E+04 1.210881871E-03 1.039261323E+04 1.467413670E+05
 2.207675183E+05 1.030304621E+04 1.206187347E-03 1.034779834E+04 1.837204698E+05
 2.649210219E+05 1.024981057E+04 1.201507353E-03 1.030298345E+04 2.208190221E+05
 3.090745256E+05 1.019743061E+04 1.196841861E-03 1.025816856E+04 2.580374936E+05
 3.532280293E+05 1.014471411E+04 1.192190844E-03 1.021335367E+04 2.953930266E+05
 3.973815329E+05 1.009127700E+04 1.187554273E-03 1.016853877E+04 3.328543301E+05
 4.415350366E+05 1.003980282E+04 1.182932122E-03 1.012372388E+04 3.706444160E+05
 4.856885402E+05 9.987192763E+03 1.178324361E-03 1.007890899E+04 4.077007505E+05
 5.298420439E+05 9.935183969E+03 1.173730964E-03 1.003409410E+04 4.459790761E+05
 5.739955475E+05 9.884004673E+03 1.169151902E-03 9.989279205E+03 4.839364933E+05
 6.181490512E+05 9.832062342E+03 1.164587147E-03 9.944464313E+03 5.220203965E+05
 6.623025549E+05 9.780603397E+03 1.160036671E-03 9.899649421E+03 5.602313324E+05
 7.064560585E+05 9.729630448E+03 1.155500447E-03 9.854834528E+03 5.985744841E+05
 7.506095622E+05 9.678626515E+03 1.150978446E-03 9.810019636E+03 6.370427092E+05
 7.947630658E+05 9.628452281E+03 1.146470640E-03 9.765204744E+03 6.756412110E+05
 8.389165695E+05 9.577839199E+03 1.141977002E-03 9.720389852E+03 7.143705824E+05
 8.830700732E+05 9.527424856E+03 1.137497502E-03 9.675574960E+03 7.532329730E+05
 9.272235768E+05 9.476956381E+03 1.133032114E-03 9.630760068E+03 7.922274553E+05
 9.713770805E+05 9.427514961E+03 1.128580808E-03 9.585945176E+03 8.319023474E+05
 1.015530584E+06 9.377297774E+03 1.124143558E-03 9.541130283E+03 8.711658541E+05
 1.059684088E+06 9.327674806E+03 1.119720334E-03 9.496315391E+03 9.100866135E+05
 1.103837591E+06 9.278871164E+03 1.115311108E-03 9.451500499E+03 9.501750415E+05
 1.147991095E+06 9.229295117E+03 1.110915853E-03 9.406685607E+03 9.898498295E+05
 1.192144599E+06 9.180833768E+03 1.106534540E-03 9.361870715E+03 1.029663586E+06
 1.236298102E+06 9.131584692E+03 1.102167141E-03 9.317055823E+03 1.069320328E+06
 1.280451606E+06 9.082927623E+03 1.097813628E-03 9.272240931E+03 1.109714111E+06
 1.324605110E+06 9.035090093E+03 1.093473972E-03 9.227426039E+03 1.149654903E+06
 1.368758613E+06 8.986474477E+03 1.089148145E-03 9.182611146E+03 1.190557780E+06
 1.412912117E+06 8.938967789E+03 1.084836119E-03 9.137796254E+03 1.231083530E+06
 1.457065621E+06 8.890672350E+03 1.080537865E-03 9.092981362E+03 1.271400522E+06
 1.501219124E+06 8.842985958E+03 1.076253356E-03 9.048166470E+03 1.312220421E+06
 1.545372628E+06 8.796099827E+03 1.071982562E-03 9.003351578E+03 1.353189784E+06
 1.589526132E+06 8.748427083E+03 1.067725456E-03 8.958536686E+03 1.394882272E+06
 1.633679635E+06 8.701231449E+03 1.063482010E-03 8.913721794E+03 1.436148940E+06
 1.677833139E+06 8.654904028E+03 1.059252194E-03 8.868906901E+03 1.477567371E+06
 1.721986643E+06 8.607739153E+03 1.055035981E-03 8.824092009E+03 1.518849043E+06
 1.766140146E+06 8.561787118E+03 1.050833341E-03 8.779277117E+03 1.560526664E+06
 1.810293650E+06 8.515387364E+03 1.046644248E-03 8.734462225E+03 1.602991991E+06
 1.854447154E+06 8.468780303E+03 1.042468672E-03 8.689647333E+03 1.644665417E+06
 1.898600657E+06 8.423377883E+03 1.038306584E-03 8.644832441E+03 1.686863776E+06
 1.942754161E+06 8.377135343E+03 1.034157957E-03 8.600017549E+03 1.729812774E+06
 1.986907665E+06 8.332102139E+03 1.030022762E-03 8.555202656E+03 1.772328429E+06
 2.031061168E+06 8.286275369E+03 1.025900970E-03 8.510387764E+03 1.814694763E+06
 2.075214672E+06 8.241306808E+03 1.021792554E-03 8.465572872E+03 1.858086181E+06
 2.119368176E+06 8.195884145E+03 1.017697484E-03 8.420757980E+03 1.900716746E+06
 2.163521679E+06 8.151570300E+03 1.013615732E-03 8.375943088E+03 1.943893231E+06
 2.207675183E+06 8.106469358E+03 1.009547269E-03 8.331128196E+03 1.987840943E+06
 2.251828687E+06 8.062463789E+03 1.005492068E-03 8.286313304E+03 2.031024648E+06
 2.295982190E+06 8.017662383E+03 1.001450100E-03 8.241498411E+03 2.075029553E+06
 2.340135694E+06 7.974069881E+03 9.974213350E-04 8.196683519E+03 2.118592271E+06
 2.384289198E+06 7.930014740E+03 9.934057460E-04 8.151868627E+03 2.163231234E+06
 2.428442701E+06 7.885808686E+03 9.894033040E-04 8.107053735E+03 2.207103557E+06
 2.472596205E+06 7.842687310E+03 9.854139805E-04 8.062238843E+03 2.252049419E+06
 2.516749708E+06 7.798770582E+03 9.814377469E-04 8.017423951E+03 2.296217298E+06
 2.560903212E+06 7.756057930E+03 9.774745748E-04 7.972609059E+03 2.341580565E+06
 2.605056716E+06 7.712880623E+03 9.735244356E-04 7.927794166E+03 2.386494807E+06
 2.649210219E+06 7.669491834E+03 9.695873006E-04 7.882979274E+03 2.431212450E+06
 2.693363723E+06 7.627314965E+03 9.656631415E-04 7.838164382E+03 2.476730869E+06
 2.737517227E+06 7.584267960E+03 9.617519295E-04 7.793349490E+03 2.522840735E+06
 2.781670730E+06 7.542050628E+03 9.578536362E-04 7.748534598E+03 2.568155850E+06
 2.825824234E+06 7.500105431E+03 9.539682330E-04 7.703719706E+03 2.614592254E+06
 2.869977738E+06 7.458210876E+03 9.500956912E-04 7.658904814E+03 2.660228504E+06
 2.914131241E+06 7.415844385E+03 9.462359825E-04 7.614089921E+03 2.707130050E+06
 2.958284745E+06 7.374048362E+03 9.423890780E-04 7.569275029E+03 2.753669059E+06
 3.002438249E+06 7.333053263E+03 9.385549494E-04 7.524460137E+03 2.800427604E+06
 3.046591752E+06 7.291254194E+03 9.347335680E-04 7.479645245E+03 2.846843912E+06
 3.090745256E+06 7.250538563E+03 9.309249053E-04 7.434830353E+03 2.894521360E+06
 3.134898760E+06 7.209019325E+03 9.271289326E-04 7.390015461E+03 2.941339266E+06
 3.179052263E+06 7.168694988E+03 9.233456214E-04 7.345200569E+03 2.989018572E+06
 3.223205767E+06 7.127561575E+03 9.195749431E-04 7.300385677E+03 3.037319517E+06
 3.267359271E+06 7.087270229E+03 9.158168692E-04 7.255570784E+03 3.084748122E+06
 3.311512774E+06 7.047134284E+03 9.120713710E-04 7.210755892E+03 3.133051456E+06
 3.355666278E+06 7.006441676E+03 9.083384201E-04 7.165941000E+03 3.181991411E+06
 3.399819782E+06 6.966945510E+03 9.046179878E-04 7.121126108E+03 3.230050945E+06
 3.443973285E+06 6.926973746E+03 9.009100455E-04 7.076311216E+03 3.279509609E+06
 3.488126789E+06 6.886778168E+03 8.972145647E-04 7.031496324E+03 3.328684758E+06
 3.532280293E+06 6.847370011E+03 8.935315169E-04 6.986681432E+03 3.377449330E+06
 3.576433796E+06 6.807896808E+03 8.898608734E-04 6.941866539E+03 3.427004252E+06
 3.620587300E+06 6.769208769E+03 8.862026057E-04 6.897051647E+03 3.477278499E+06
 3.664740804E+06 6.729711691E+03 8.825566853E-04 6.852236755E+03 3.527352903E+06
 3.708894307E+06 6.691292707E+03 8.789230836E-04 6.807421863E+03 3.576959962E+06
 3.753047811E+06 6.652059367E+03 8.753017721E-04 6.762606971E+03 3.627925740E+06
 3.797201315E+06 6.614014605E+03 8.716927222E-04 6.717792079E+03 3.678257663E+06
 3.841354818E+06 6.575490130E+03 8.680959053E-04 6.672977187E+03 3.729707489E+06
 3.885508322E+06 6.536758963E+03 8.645112931E-04 6.628162294E+03 3.780957172E+06
 3.929661826E+06 6.498789157E+03 8.609388568E-04 6.583347402E+03 3.832449225E+06
 3.973815329E+06 6.460745090E+03 8.573785681E-04 6.538532510E+03 3.883549090E+06
 4.017968833E+06 6.423484857E+03 8.538303984E-04 6.493717618E+03 3.935466563E+06
 4.062122336E+06 6.385413283E+03 8.502943192E-04 6.448902726E+03 3.988145460E+06
 4.106275840E+06 6.348014539E+03 8.467703020E-04 6.404087834E+03 4.040180614E+06
 4.150429344E+06 6.310597907E+03 8.432583183E-04 6.359272942E+03 4.092983544E+06
 4.194582847E+06 6.273959536E+03 8.397583396E-04 6.314458049E+03 4.145922100E+06
 4.238736351E+06 6.236505165E+03 8.362703375E-04 6.269643157E+03 4.199640616E+06
 4.282889855E+06 6.200121244E+03 8.327942834E-04 6.224828265E+03 4.252702627E+06
 4.327043358E+06 6.162917394E+03 8.293301490E-04 6.180013373E+03 4.306558210E+06
 4.371196862E+06 6.126893062E+03 8.258779058E-04 6.135198481E+03 4.360551592E+06
 4.415350366E+06 6.090383589E+03 8.224375253E-04 6.090383589E+03 4.415350366E+06
 4.476111095E+06 6.039736629E+03 8.213932606E-04 6.053783545E+03 4.459227693E+06
 4.536871823E+06 5.990120109E+03 8.160586635E-04 6.017183500E+03 4.504110462E+06
 4.597632552E+06 5.940763975E+03 8.107534122E-04 5.980583456E+03 4.549207081E+06
 4.658393281E+06 5.891765835E+03 8.054773855E-04 5.943983412E+03 4.593705128E+06
 4.719154010E+06 5.843074205E+03 8.002304619E-04 5.907383368E+03 4.638495941E+06
 4.779914738E+06 5.794096495E+03 7.950125203E-04 5.870783323E+03 4.684210563E+06
 4.840675467E+06 5.746647368E+03 7.898234401E-04 5.834183279E+03 4.730146787E+06
 4.901436196E+06 5.698235404E+03 7.846631004E-04 5.797583235E+03 4.775574332E+06
 4.962196925E+06 5.650882841E+03 7.795313810E-04 5.760983191E+03 4.821961474E+06
 5.022957653E+06 5.603747038E+03 7.744281616E-04 5.724383147E+03 4.868579311E+06
 5.083718382E+06 5.556945002E+03 7.693533223E-04 5.687783102E+03 4.914680628E+06
 5.144479111E+06 5.510439614E+03 7.643067434E-04 5.651183058E+03 4.961801546E+06
 5.205239840E+06 5.463631713E+03 7.592883054E-04 5.614583014E+03 5.009151254E+06
 5.266000569E+06 5.418351126E+03 7.542978890E-04 5.577982970E+03 5.055944809E+06
 5.326761297E+06 5.372128104E+03 7.493353751E-04 5.541382926E+03 5.103747802E+06
 5.387522026E+06 5.326829005E+03 7.444006451E-04 5.504782881E+03 5.151795169E+06
 5.448282755E+06 5.281808752E+03 7.394935803E-04 5.468182837E+03 5.199312165E+06
 5.509043484E+06 5.237132062E+03 7.346140625E-04 5.431582793E+03 5.247857824E+06
 5.569804212E+06 5.192727780E+03 7.297619734E-04 5.394982749E+03 5.296652218E+06
 5.630564941E+06 5.148013204E+03 7.249371954E-04 5.358382705E+03 5.344919527E+06
 5.691325670E+06 5.104803160E+03 7.201396108E-04 5.321782660E+03 5.394225607E+06
 5.752086399E+06 5.060651002E+03 7.153691023E-04 5.285182616E+03 5.443775929E+06
 5.812847127E+06 5.017408435E+03 7.106255528E-04 5.248582572E+03 5.492837833E+06
 5.873607856E+06 4.974430615E+03 7.059088453E-04 5.211982528E+03 5.543794315E+06
 5.934368585E+06 4.931760942E+03 7.012188634E-04 5.175382483E+03 5.593295770E+06
 5.995129314E+06 4.889387038E+03 6.965554905E-04 5.138782439E+03 5.643971625E+06
 6.055890043E+06 4.846688886E+03 6.919186108E-04 5.102182395E+03 5.694917904E+06
 6.116650771E+06 4.804895836E+03 6.873081081E-04 5.065582351E+03 5.745277125E+06
 6.177411500E+06 4.763531816E+03 6.827238671E-04 5.028982307E+03 5.796745516E+06
 6.238172229E+06 4.722264253E+03 6.781657723E-04 4.992382262E+03 5.848550305E+06
 6.298932958E+06 4.681285595E+03 6.736337086E-04 4.955782218E+03 5.899772749E+06
 6.359693686E+06 4.640570343E+03 6.691275612E-04 4.919182174E+03 5.952129261E+06
 6.420454415E+06 4.599520259E+03 6.646472156E-04 4.882582130E+03 6.004761562E+06
 6.481215144E+06 4.559962918E+03 6.601925574E-04 4.845982086E+03 6.056899793E+06
 6.541975873E+06 4.519391559E+03 6.557634726E-04 4.809382041E+03 6.110204648E+06
 6.602736601E+06 4.479795255E+03 6.513598474E-04 4.772781997E+03 6.164066146E+06
 6.663497330E+06 4.440402243E+03 6.469815682E-04 4.736181953E+03 6.217965453E+06
 6.724258059E+06 4.401308976E+03 6.426285218E-04 4.699581909E+03 6.271280161E+06
 6.785018788E+06 4.362478690E+03 6.383005953E-04 4.662981865E+03 6.325798562E+06
 6.845779517E+06 4.323900544E+03 6.339976759E-04 4.626381820E+03 6.380616694E+06
 6.906540245E+06 4.285583113E+03 6.297196511E-04 4.589781776E+03 6.435821735E+06
 6.967300974E+06 4.246910225E+03 6.254664088E-04 4.553181732E+03 6.491344229E+06
 7.028061703E+06 4.209729478E+03 6.212378370E-04 4.516581688E+03 6.546271077E+06
 7.088822432E+06 4.171551661E+03 6.170338241E-04 4.479981643E+03 6.602454267E+06
 7.149583160E+06 4.134255265E+03 6.128542588E-04 4.443381599E+03 6.658956669E+06
 7.210343889E+06 4.097191428E+03 6.086990300E-04 4.406781555E+03 6.715883784E+06
 7.271104618E+06 4.060465304E+03 6.045680267E-04 4.370181511E+03 6.773133970E+06
 7.331865347E+06 4.023926087E+03 6.004611386E-04 4.333581467E+03 6.829793923E+06
 7.392626075E+06 3.987032862E+03 5.963782554E-04 4.296981422E+03 6.886087691E+06
 7.453386804E+06 3.951594816E+03 5.923192669E-04 4.260381378E+03 6.946082627E+06
 7.514147533E+06 3.915177150E+03 5.882840637E-04 4.223781334E+03 7.004764654E+06
 7.574908262E+06 3.880251810E+03 5.842725362E-04 4.187181290E+03 7.063876540E+06
 7.635668991E+06 3.844303739E+03 5.802845752E-04 4.150581246E+03 7.123360158E+06
 7.696429719E+06 3.809209313E+03 5.763200720E-04 4.113981201E+03 7.183236682E+06
 7.757190448E+06 3.774375726E+03 5.723789180E-04 4.077381157E+03 7.242516605E+06
 7.817951177E+06 3.739805760E+03 5.684610048E-04 4.040781113E+03 7.304285613E+06
 7.878711906E+06 3.705449248E+03 5.645662245E-04 4.004181069E+03 7.364326288E+06
 7.939472634E+06 3.671329712E+03 5.606944693E-04 3.967581025E+03 7.425813664E+06
 8.000233363E+06 3.637444465E+03 5.568456319E-04 3.930980980E+03 7.487687524E+06
 8.060994092E+06 3.603174984E+03 5.530196050E-04 3.894380936E+03 7.550028730E+06
 8.121754821E+06 3.570376432E+03 5.492162818E-04 3.857780892E+03 7.612817850E+06
 8.182515549E+06 3.536552236E+03 5.454355558E-04 3.821180848E+03 7.676029011E+06
 8.243276278E+06 3.503584787E+03 5.416773206E-04 3.784580803E+03 7.739685544E+06
 8.304037007E+06 3.470824061E+03 5.379414704E-04 3.747980759E+03 7.802758172E+06
 8.364797736E+06 3.437890588E+03 5.342278993E-04 3.711380715E+03 7.868387738E+06
 8.425558465E+06 3.406256077E+03 5.305365020E-04 3.674780671E+03 7.932356171E+06
 8.486319193E+06 3.373574984E+03 5.268671734E-04 3.638180627E+03 7.998934345E+06
 8.547079922E+06 3.342356341E+03 5.232198087E-04 3.601580582E+03 8.063833347E+06
 8.607840651E+06 3.310102658E+03 5.195943033E-04 3.564980538E+03 8.131409132E+06
 8.668601380E+06 3.278699669E+03 5.159905530E-04 3.528380494E+03 8.197272272E+06
 8.729362108E+06 3.247491584E+03 5.124084540E-04 3.491780450E+03 8.265863245E+06
 8.790122837E+06 3.216522081E+03 5.088479025E-04 3.455180406E+03 8.332727254E+06
 8.850883566E+06 3.185779186E+03 5.053087953E-04 3.418580361E+03 8.401607618E+06
 8.911644295E+06 3.155252716E+03 5.017910293E-04 3.381980317E+03 8.470644104E+06
 8.972405023E+06 3.124926396E+03 4.982945018E-04 3.345380273E+03 8.540220240E+06
 9.033165752E+06 3.094206647E+03 4.948191103E-04 3.308780229E+03 8.610342952E+06
 9.093926481E+06 3.064908922E+03 4.913647528E-04 3.272180185E+03 8.682223735E+06
 9.154687210E+06 3.034594226E+03 4.879313273E-04 3.235580140E+03 8.752274920E+06
 9.215447939E+06 3.005731536E+03 4.845187323E-04 3.198980096E+03 8.825290719E+06
 9.276208667E+06 2.975816665E+03 4.811268667E-04 3.162380052E+03 8.896510024E+06
 9.336969396E+06 2.946736026E+03 4.777556294E-04 3.125780008E+03 8.970725135E+06
 9.397730125E+06 2.917838385E+03 4.744049199E-04 3.089179963E+03 9.044204413E+06
 9.458490854E+06 2.889217275E+03 4.710746378E-04 3.052579919E+03 9.118562435E+06
 9.519251582E+06 2.860757134E+03 4.677646831E-04 3.015979875E+03 9.193402726E+06
 9.580012311E+06 2.832486787E+03 4.644749562E-04 2.979379831E+03 9.268943861E+06
 9.640773040E+06 2.804415097E+03 4.612053574E-04 2.942779787E+03 9.346395091E+06
 9.701533769E+06 2.775936935E+03 4.579557879E-04 2.906179742E+03 9.421920753E+06
 9.762294497E+06 2.748867870E+03 4.547261488E-04 2.869579698E+03 9.500798007E+06
 9.823055226E+06 2.720768443E+03 4.515163415E-04 2.832979654E+03 9.578973108E+06
 9.883815955E+06 2.694100471E+03 4.483262680E-04 2.796379610E+03 9.657829250E+06
 9.944576684E+06 2.666375469E+03 4.451558302E-04 2.759779566E+03 9.737481613E+06
 1.000533741E+07 2.639479787E+03 4.420049307E-04 2.723179521E+03 9.817820490E+06
 1.006609814E+07 2.612762577E+03 4.388734722E-04 2.686579477E+03 9.900235409E+06
 1.012685887E+07 2.586214905E+03 4.357613577E-04 2.649979433E+03 9.982091419E+06
 1.018761960E+07 2.559875814E+03 4.326684906E-04 2.613379389E+03 1.006472212E+07
 1.024838033E+07 2.533727058E+03 4.295947745E-04 2.576779345E+03 1.014953728E+07
 1.030914106E+07 2.507772628E+03 4.265401134E-04 2.540179300E+03 1.023373425E+07
 1.036990179E+07 2.481992368E+03 4.235044116E-04 2.503579256E+03 1.031873362E+07
 1.043066251E+07 2.456395219E+03 4.204875737E-04 2.466979212E+03 1.040612297E+07
 1.049142324E+07 2.430379168E+03 4.174895046E-04 2.430379168E+03 1.049142324E+07
 1.073654908E+07 2.327979160E+03 4.094568117E-04 2.406279675E+03 1.054822818E+07
 1.098167492E+07 2.229587945E+03 3.933674175E-04 2.382180182E+03 1.060556276E+07
 1.122680076E+07 2.135077252E+03 3.778549150E-04 2.358080689E+03 1.066346113E+07
 1.147192659E+07 2.044300240E+03 3.629010139E-04 2.333981196E+03 1.072191051E+07
 1.171705243E+07 1.957122026E+03 3.484879052E-04 2.309881703E+03 1.078090036E+07
 1.196217827E+07 1.873412626E+03 3.345982522E-04 2.285782210E+03 1.084046360E+07
 1.220730411E+07 1.793045068E+03 3.212151824E-04 2.261682717E+03 1.090061198E+07
 1.245242994E+07 1.715887991E+03 3.083222779E-04 2.237583225E+03 1.096138725E+07
 1.269755578E+07 1.641842494E+03 2.959035674E-04 2.213483732E+03 1.102276846E+07
 1.294268162E+07 1.570784460E+03 2.839435169E-04 2.189384239E+03 1.108474964E+07
 1.318780746E+07 1.502606098E+03 2.724270217E-04 2.165284746E+03 1.114736700E+07
 1.343293329E+07 1.437201586E+03 2.613393969E-04 2.141185253E+03 1.121066039E+07
 1.367805913E+07 1.374457245E+03 2.506663697E-04 2.117085760E+03 1.127461847E+07
 1.392318497E+07 1.314279746E+03 2.403940703E-04 2.092986267E+03 1.133923196E+07
 1.416831081E+07 1.256572380E+03 2.305090236E-04 2.068886774E+03 1.140453971E+07
 1.441343665E+07 1.201242255E+03 2.209981407E-04 2.044787282E+03 1.147058493E+07
 1.465856248E+07 1.148198515E+03 2.118487107E-04 2.020687789E+03 1.153735694E+07
 1.490368832E+07 1.097354500E+03 2.030483923E-04 1.996588296E+03 1.160484756E+07
 1.514881416E+07 1.048625969E+03 1.945852057E-04 1.972488803E+03 1.167309899E+07
 1.539394000E+07 1.001924074E+03 1.864475243E-04 1.948389310E+03 1.174215813E+07
 1.563906583E+07 9.571858074E+02 1.786240669E-04 1.924289817E+03 1.181201583E+07
 1.588419167E+07 9.143278777E+02 1.711038897E-04 1.900190324E+03 1.188266470E+07
 1.612931751E+07 8.732863993E+02 1.638763780E-04 1.876090831E+03 1.195418107E+07
 1.637444335E+07 8.339727734E+02 1.569312392E-04 1.851991338E+03 1.202652794E+07
 1.661956918E+07 7.963275666E+02 1.502584946E-04 1.827891846E+03 1.209978497E+07
 1.686469502E+07 7.602856185E+02 1.438484717E-04 1.803792353E+03 1.217391717E+07
 1.710982086E+07 7.257835409E+02 1.376917974E-04 1.779692860E+03 1.224900712E+07
 1.735494670E+07 6.927576411E+02 1.317793898E-04 1.755593367E+03 1.232504946E+07
 1.760007254E+07 6.611546520E+02 1.261024516E-04 1.731493874E+03 1.240204026E+07
 1.784519837E+07 6.309152237E+02 1.206524626E-04 1.707394381E+03 1.248006638E+07
 1.809032421E+07 6.019845882E+02 1.154211727E-04 1.683294888E+03 1.255912470E+07
 1.833545005E+07 5.743199183E+02 1.104005951E-04 1.659195395E+03 1.263921406E+07
 1.858057589E+07 5.478511831E+02 1.055829991E-04 1.635095903E+03 1.272042620E+07
 1.882570172E+07 5.225392271E+02 1.009609040E-04 1.610996410E+03 1.280276146E+07
 1.907082756E+07 4.983368731E+02 9.652707183E-05 1.586896917E+03 1.288622125E+07
 1.931595340E+07 4.752004773E+02 9.227450134E-05 1.562797424E+03 1.297086957E+07
 1.956107924E+07 4.530833134E+02 8.819642141E-05 1.538697931E+03 1.305678875E+07
 1.980620507E+07 4.319450377E+02 8.428628483E-05 1.514598438E+03 1.314396227E+07
 2.005133091E+07 4.117451088E+02 8.053776219E-05 1.490498945E+03 1.323240434E+07
 2.029645675E+07 3.924451168E+02 7.694473578E-05 1.466399452E+03 1.332220953E+07
 2.054158259E+07 3.740166366E+02 7.350129377E-05 1.442299960E+03 1.341342633E+07
 2.078670843E+07 3.564048123E+02 7.020172431E-05 1.418200467E+03 1.350607167E+07
 2.103183426E+07 3.395745484E+02 6.704050995E-05 1.394100974E+03 1.360019820E+07
 2.127696010E+07 3.235277770E+02 6.401232201E-05 1.370001481E+03 1.369585661E+07
 2.152208594E+07 3.081923787E+02 6.111201512E-05 1.345901988E+03 1.379306203E+07
 2.176721178E+07 2.935620102E+02 5.833462194E-05 1.321802495E+03 1.389194641E+07
 2.201233761E+07 2.795885516E+02 5.567534789E-05 1.297703002E+03 1.399252976E+07
 2.225746345E+07 2.662553459E+02 5.312956605E-05 1.273603509E+03 1.409487454E+07
 2.250258929E+07 2.535272262E+02 5.069281218E-05 1.249504016E+03 1.419904611E+07
 2.274771513E+07 2.413955599E+02 4.836077981E-05 1.225404524E+03 1.430507188E+07
 2.299284096E+07 2.298138152E+02 4.612931548E-05 1.201305031E+03 1.441315269E+07
 2.323796680E+07 2.187668892E+02 4.399441407E-05 1.177205538E+03 1.452319464E+07
 2.348309264E+07 2.082320315E+02 4.195221423E-05 1.153106045E+03 1.463540833E+07
 2.372821848E+07 1.981960078E+02 3.999899398E-05 1.129006552E+03 1.474983910E+07
 2.397334432E+07 1.886185334E+02 3.813116630E-05 1.104907059E+03 1.486658068E+07
 2.421847015E+07 1.794995290E+02 3.634527493E-05 1.080807566E+03 1.498573140E+07
 2.446359599E+07 1.707978011E+02 3.463799026E-05 1.056708073E+03 1.510739764E+07
 2.470872183E+07 1.625051135E+02 3.300610524E-05 1.032608581E+03 1.523169227E+07
 2.495384767E+07 1.546031991E+02 3.144653150E-05 1.008509088E+03 1.535874488E+07
 2.519897350E+07 1.470849484E+02 2.995629550E-05 9.844095948E+02 1.548866811E+07
 2.544409934E+07 1.399138038E+02 2.853253482E-05 9.603101019E+02 1.562160946E+07
 2.568922518E+07 1.330930608E+02 2.717249448E-05 9.362106090E+02 1.575771819E+07
 2.593435102E+07 1.265951419E+02 2.587352348E-05 9.121111161E+02 1.589721067E+07
 2.617947685E+07 1.204019132E+02 2.463307127E-05 8.880116232E+02 1.604009516E+07
 2.642460269E+07 1.145056121E+02 2.344868445E-05 8.639121303E+02 1.618678439E+07
 2.666972853E+07 1.089027314E+02 2.231800353E-05 8.398126375E+02 1.633731248E+07
 2.691485437E+07 1.035606662E+02 2.123875970E-05 8.157131446E+02 1.649195285E+07
 2.715998020E+07 9.848649557E+01 2.020877179E-05 7.916136517E+02 1.665101280E+07
 2.740510604E+07 9.364932322E+01 1.922594325E-05 7.675141588E+02 1.681463084E+07
 2.765023188E+07 8.904882826E+01 1.828825929E-05 7.434146659E+02 1.698315355E+07
 2.789535772E+07 8.468100100E+01 1.739378398E-05 7.193151731E+02 1.715696914E+07
 2.814048356E+07 8.052692326E+01 1.654065754E-05 6.952156802E+02 1.733633641E+07
 2.838560939E+07 7.656791498E+01 1.572709370E-05 6.711161873E+02 1.752160816E+07
 2.863073523E+07 7.281271100E+01 1.495137705E-05 6.470166944E+02 1.771333624E+07
 2.887586107E+07 6.924281960E+01 1.421186058E-05 6.229172015E+02 1.791192154E+07
 2.912098691E+07 6.584322448E+01 1.350696323E-05 5.988177086E+02 1.811789228E+07
 2.936611274E+07 6.261607294E+01 1.283516750E-05 5.747182158E+02 1.833184596E+07
 2.961123858E+07 5.954297290E+01 1.219501721E-05 5.506187229E+02 1.855435833E+07
 2.985636442E+07 5.663248726E+01 1.158511522E-05 5.265192300E+02 1.878645238E+07
 3.010149026E+07 5.386796458E+01 1.100412133E-05 5.024197371E+02 1.902872801E+07
 3.034661609E+07 5.123264836E+01 1.045075016E-05 4.783202442E+02 1.928227790E+07
 3.059174193E+07 4.873907520E+01 9.923769150E-06 4.542207514E+02 1.954821006E+07
 3.083686777E+07 4.637277761E+01 9.421996582E-06 4.301212585E+02 1.982786423E+07
 3.108199361E+07 4.411559504E+01 8.944299709E-06 4.060217656E+02 2.012291676E+07
 3.132711945E+07 4.198194392E+01 8.489592910E-06 3.819222727E+02 2.043508632E+07
 3.157224528E+07 3.995711154E+01 8.056835917E-06 3.578227798E+02 2.076657228E+07
 3.181737112E+07 3.802590984E+01 7.645032101E-06 3.337232869E+02 2.112008765E+07
 3.206249696E+07 3.620259486E+01 7.253226814E-06 3.096237941E+02 2.149874801E+07
 3.230762280E+07 3.446984805E+01 6.880505781E-06 2.855243012E+02 2.190662038E+07
 3.255274863E+07 3.282892246E+01 6.525993550E-06 2.614248083E+02 2.234902766E+07
 3.279787447E+07 3.127266602E+01 6.188851994E-06 2.373253154E+02 2.283241118E+07
 3.304300031E+07 2.979710238E+01 5.868278863E-06 2.132258225E+02 2.336565575E+07
 3.328812615E+07 2.838821702E+01 5.563506382E-06 1.891263297E+02 2.396007627E+07
 3.353325198E+07 2.707094103E+01 5.273799902E-06 1.650268368E+02 2.463309219E+07
 3.377837782E+07 2.580566304E+01 4.998456596E-06 1.409273439E+02 2.540881768E+07
 3.402350366E+07 2.461377671E+01 4.736804199E-06 1.168278510E+02 2.632692549E+07
 3.426862950E+07 2.348416041E+01 4.488199790E-06 9.272835813E+01 2.745305434E+07
 3.451375534E+07 2.241417016E+01 4.252028624E-06 6.862886524E+01 2.891895907E+07
 3.475888117E+07 2.140013490E+01 4.027702998E-06 4.452937236E+01 3.103648197E+07
 3.500400701E+07 2.042987948E+01 3.814661162E-06 2.042987948E+01 3.500400701E+07
 3.536061969E+07 1.907099778E+01 3.687310803E-06 2.022564490E+01 3.505613962E+07
 3.571723237E+07 1.779822735E+01 3.453194515E-06 2.002141032E+01 3.510876837E+07
 3.607384505E+07 1.660642255E+01 3.233128983E-06 1.981717573E+01 3.516191666E+07
 3.643045773E+07 1.549069159E+01 3.026326196E-06 1.961294115E+01 3.521558754E+07
 3.678707041E+07 1.444648999E+01 2.832038724E-06 1.940870657E+01 3.526979171E+07
 3.714368309E+07 1.346942223E+01 2.649557859E-06 1.920447199E+01 3.532454019E+07
 3.750029578E+07 1.255542147E+01 2.478211822E-06 1.900023740E+01 3.537984435E+07
 3.785690846E+07 1.170063534E+01 2.317364043E-06 1.879600282E+01 3.543571593E+07
 3.821352114E+07 1.090145512E+01 2.166411502E-06 1.859176824E+01 3.549216705E+07
 3.857013382E+07 1.015439931E+01 2.024783147E-06 1.838753366E+01 3.554921023E+07
 3.892674650E+07 9.456256890E+00 1.891938367E-06 1.818329908E+01 3.560685122E+07
 3.928335918E+07 8.804024993E+00 1.767365530E-06 1.797906449E+01 3.566511627E+07
 3.963997186E+07 8.194822243E+00 1.650580586E-06 1.777482991E+01 3.572401240E+07
 3.999658454E+07 7.625930810E+00 1.541125717E-06 1.757059533E+01 3.578355503E+07
 4.035319722E+07 7.094805208E+00 1.438568056E-06 1.736636075E+01 3.584376123E+07
 4.070980990E+07 6.599151940E+00 1.342498454E-06 1.716212616E+01 3.590463636E+07
 4.106642258E+07 6.136587081E+00 1.252530299E-06 1.695789158E+01 3.596621134E+07
 4.142303526E+07 5.705120553E+00 1.168298389E-06 1.675365700E+01 3.602849504E+07
 4.177964794E+07 5.302704402E+00 1.089457854E-06 1.654942242E+01 3.609150446E+07
 4.213626062E+07 4.927490593E+00 1.015683124E-06 1.634518783E+01 3.615525395E+07
 4.249287330E+07 4.577721559E+00 9.466669439E-07 1.614095325E+01 3.621976490E+07
 4.284948598E+07 4.251768128E+00 8.821194339E-07 1.593671867E+01 3.628505854E+07
 4.320609867E+07 3.948073881E+00 8.217671884E-07 1.573248409E+01 3.635115089E+07
 4.356271135E+07 3.665196769E+00 7.653524210E-07 1.552824951E+01 3.641806501E+07
 4.391932403E+07 3.401770018E+00 7.126321455E-07 1.532401492E+01 3.648581328E+07
 4.427593671E+07 3.156517596E+00 6.633773969E-07 1.511978034E+01 3.655443501E+07
 4.463254939E+07 2.928224609E+00 6.173724876E-07 1.491554576E+01 3.662394376E+07
 4.498916207E+07 2.715830136E+00 5.744142996E-07 1.471131118E+01 3.669436342E+07
 4.534577475E+07 2.518214567E+00 5.343116100E-07 1.450707659E+01 3.676571889E+07
 4.570238743E+07 2.334414280E+00 4.968844490E-07 1.430284201E+01 3.683802375E+07
 4.605900011E+07 2.163527085E+00 4.619634889E-07 1.409860743E+01 3.691133466E+07
 4.641561279E+07 2.004642682E+00 4.293894631E-07 1.389437285E+01 3.698565591E+07
 4.677222547E+07 1.857013080E+00 3.990126133E-07 1.369013827E+01 3.706101927E+07
 4.712883815E+07 1.719836360E+00 3.706921640E-07 1.348590368E+01 3.713746601E+07
 4.748545083E+07 1.592396901E+00 3.442958243E-07 1.328166910E+01 3.721501253E+07
 4.784206351E+07 1.474053432E+00 3.196993128E-07 1.307743452E+01 3.729371165E+07
 4.819867619E+07 1.364183340E+00 2.967859083E-07 1.287319994E+01 3.737358897E+07
 4.855528888E+07 1.262198538E+00 2.754460225E-07 1.266896535E+01 3.745466786E+07
 4.891190156E+07 1.167532734E+00 2.555767946E-07 1.246473077E+01 3.753701738E+07
 4.926851424E+07 1.079749061E+00 2.370817074E-07 1.226049619E+01 3.762065407E+07
 4.962512692E+07 9.982964563E-01 2.198702229E-07 1.205626161E+01 3.770562398E+07
 4.998173960E+07 9.227857791E-01 2.038574368E-07 1.185202702E+01 3.779197510E+07
 5.033835228E+07 8.527814677E-01 1.889637522E-07 1.164779244E+01 3.787976172E+07
 5.069496496E+07 7.878879791E-01 1.751145692E-07 1.144355786E+01 3.796902613E+07
 5.105157764E+07 7.277640299E-01 1.622399923E-07 1.123932328E+01 3.805981200E+07
 5.140819032E+07 6.720688897E-01 1.502745531E-07 1.103508870E+01 3.815219097E+07
 5.176480300E+07 6.204871507E-01 1.391569475E-07 1.083085411E+01 3.824621260E+07
 5.212141568E+07 5.727269397E-01 1.288297882E-07 1.062661953E+01 3.834193808E+07
 5.247802836E+07 5.285099885E-01 1.192393699E-07 1.042238495E+01 3.843941769E+07
 5.283464104E+07 4.876150762E-01 1.103354479E-07 1.021815037E+01 3.853874050E+07
 5.319125372E+07 4.497401878E-01 1.020710291E-07 1.001391578E+01 3.863996836E+07
 5.354786640E+07 4.147322425E-01 9.440217383E-08 9.809681202E+00 3.874319537E+07
 5.390447909E+07 3.823485342E-01 8.728781015E-08 9.605446619E+00 3.884848190E+07
 5.426109177E+07 3.524108480E-01 8.068955734E-08 9.401212037E+00 3.895592829E+07
 5.461770445E+07 3.247196423E-01 7.457156026E-08 9.196977455E+00 3.906562230E+07
 5.497431713E+07 2.991742034E-01 6.890033281E-08 8.992742873E+00 3.917764909E+07
 5.533092981E+07 2.755497306E-01 6.364461049E-08 8.788508290E+00 3.929214669E+07
 5.568754249E+07 2.537347995E-01 5.877521146E-08 8.584273708E+00 3.940920943E+07
 5.604415517E+07 2.335852393E-01 5.426490570E-08 8.380039126E+00 3.952894576E+07
 5.640076785E+07 2.149881755E-01 5.008829181E-08 8.175804543E+00 3.965150724E+07
 5.675738053E+07 1.978145910E-01 4.622168103E-08 7.971569961E+00 3.977701659E+07
 5.711399321E+07 1.819934935E-01 4.264298814E-08 7.767335379E+00 3.990562550E+07
 5.747060589E+07 1.673689792E-01 3.933162882E-08 7.563100797E+00 4.003750644E+07
 5.782721857E+07 1.539079609E-01 3.626842322E-08 7.358866214E+00 4.017283540E+07
 5.818383125E+07 1.414731868E-01 3.343550520E-08 7.154631632E+00 4.031179238E+07
 5.854044393E+07 1.300357908E-01 3.081623715E-08 6.950397050E+00 4.045457686E+07
 5.889705661E+07 1.194992013E-01 2.839512993E-08 6.746162467E+00 4.060144312E+07
 5.925366929E+07 1.097641009E-01 2.615776773E-08 6.541927885E+00 4.075261600E+07
 5.961028198E+07 1.008104554E-01 2.409073753E-08 6.337693303E+00 4.090833339E+07
 5.996689466E+07 9.255985583E-02 2.218156288E-08 6.133458721E+00 4.106892106E+07
 6.032350734E+07 8.496997911E-02 2.041864182E-08 5.929224138E+00 4.123471122E+07
 6.068012002E+07 7.798252894E-02 1.879118865E-08 5.724989556E+00 4.140605498E+07
 6.103673270E+07 7.155312486E-02 1.728917936E-08 5.520754974E+00 4.158330973E+07
 6.139334538E+07 6.562473882E-02 1.590330047E-08 5.316520391E+00 4.176698078E+07
 6.174995806E+07 6.017585064E-02 1.462490113E-08 5.112285809E+00 4.195749665E+07
 6.210657074E+07 5.519748962E-02 1.344594824E-08 4.908051227E+00 4.215541327E+07
 6.246318342E+07 5.059042574E-02 1.235898445E-08 4.703816645E+00 4.236138864E+07
 6.281979610E+07 4.637148602E-02 1.135708884E-08 4.499582062E+00 4.257609780E+07
 6.317640878E+07 4.248595900E-02 1.043384017E-08 4.295347480E+00 4.280031660E+07
 6.353302146E+07 3.891505069E-02 9.583282445E-09 4.091112898E+00 4.303498656E+07
 6.388963414E+07 3.563920514E-02 8.799892787E-09 3.886878315E+00 4.328112563E+07
 6.424624682E+07 3.263407545E-02 8.078551371E-09 3.682643733E+00 4.353996337E+07
 6.460285950E+07 2.987545074E-02 7.414513342E-09 3.478409151E+00 4.381293924E+07
 6.495947219E+07 2.735608605E-02 6.803382583E-09 3.274174569E+00 4.410166935E+07
 6.531608487E+07 2.501914724E-02 6.241087230E-09 3.069939986E+00 4.440817965E+07
 6.567269755E+07 2.288281928E-02 5.723856805E-09 2.865705404E+00 4.473488835E+07
 6.602931023E+07 2.093038850E-02 5.248200885E-09 2.661470822E+00 4.508470843E+07
 6.638592291E+07 1.913732965E-02 4.810889205E-09 2.457236239E+00 4.546124672E+07
 6.674253559E+07 1.749051046E-02 4.408933099E-09 2.253001657E+00 4.586908291E+07
 6.709914827E+07 1.599101795E-02 4.039568199E-09 2.048767075E+00 4.631396611E+07
 6.745576095E+07 1.460807387E-02 3.700238314E-09 1.844532493E+00 4.680361651E+07
 6.781237363E+07 1.334513517E-02 3.388580411E-09 1.640297910E+00 4.734830286E+07
 6.816898631E+07 1.219073288E-02 3.102410622E-09 1.436063328E+00 4.796244526E+07
 6.852559899E+07 1.112850060E-02 2.839711222E-09 1.231828746E+00 4.866674527E+07
 6.888221167E+07 1.016127150E-02 2.598618505E-09 1.027594163E+00 4.949377835E+07
 6.923882435E+07 9.261638043E-03 2.377411505E-09 8.233595811E-01 5.049660476E+07
 6.959543703E+07 8.465927221E-03 2.174501497E-09 6.191249989E-01 5.177457657E+07
 6.995204971E+07 7.722946446E-03 1.988422249E-09 4.148904166E-01 5.354618799E+07
 7.030866240E+07 7.038553472E-03 1.817820944E-09 2.106558343E-01 5.648779782E+07
 7.066527508E+07 6.421251995E-03 1.661449755E-09 6.421251995E-03 7.066527400E+07
 7.072948760E+07 6.357039475E-03 1.000000000E-09 6.357039475E-03 7.072948756E+07
 7.079370012E+07 6.292826955E-03 1.000000000E-09 6.292826955E-03 7.079369600E+07
 7.085791264E+07 6.228614435E-03 1.000000000E-09 6.228614435E-03 7.085790400E+07
 7.092212516E+07 6.164401915E-03 1.000000000E-09 6.164401915E-03 7.092211200E+07
 7.098633768E+07 6.100189395E-03 1.000000000E-09 6.100189395E-03 7.098633769E+07
 7.105055020E+07 6.035976875E-03 1.000000000E-09 6.035976875E-03 7.105053408E+07
 7.111476272E+07 5.971764355E-03 1.000000000E-09 5.971764355E-03 7.111475200E+07
 7.117897524E+07 5.907551835E-03 1.000000000E-09 5.907551835E-03 7.117897519E+07
 7.124318776E+07 5.843339315E-03 1.000000000E-09 5.843339315E-03 7.124318700E+07
 7.130740028E+07 5.779126795E-03 1.000000000E-09 5.779126795E-03 7.130740031E+07
 7.137161280E+07 5.714914276E-03 1.000000000E-09 5.714914276E-03 7.137161300E+07
 7.143582532E+07 5.650701756E-03 1.000000000E-09 5.650701756E-03 7.143582525E+07
 7.150003784E+07 5.586489236E-03 1.000000000E-09 5.586489236E-03 7.150003800E+07
 7.156425036E+07 5.522276716E-03 1.000000000E-09 5.522276716E-03 7.156424000E+07
 7.162846287E+07 5.458064196E-03 1.000000000E-09 5.458064196E-03 7.162846200E+07
 7.169267539E+07 5.393851676E-03 1.000000000E-09 5.393851676E-03 7.169267500E+07
 7.175688791E+07 5.329639156E-03 1.000000000E-09 5.329639156E-03 7.175688800E+07
 7.182110043E+07 5.265426636E-03 1.000000000E-09 5.265426636E-03 7.182110037E+07
 7.188531295E+07 5.201214116E-03 1.000000000E-09 5.201214116E-03 7.188531200E+07
 7.194952547E+07 5.137001596E-03 1.000000000E-09 5.137001596E-03 7.194952550E+07
 7.201373799E+07 5.072789076E-03 1.000000000E-09 5.072789076E-03 7.201373800E+07
 7.207795051E+07 5.008576556E-03 1.000000000E-09 5.008576556E-03 7.207795100E+07
 7.214216303E+07 4.944364036E-03 1.000000000E-09 4.944364036E-03 7.214216304E+07
 7.220637555E+07 4.880151516E-03 1.000000000E-09 4.880151516E-03 7.220637600E+07
 7.227058807E+07 4.815938996E-03 1.000000000E-09 4.815938996E-03 7.227059200E+07
 7.233480059E+07 4.751726476E-03 1.000000000E-09 4.751726476E-03 7.233480200E+07
 7.239901311E+07 4.687513956E-03 1.000000000E-09 4.687513956E-03 7.239901200E+07
 7.246322563E+07 4.623301436E-03 1.000000000E-09 4.623301436E-03 7.246322600E+07
 7.252743815E+07 4.559088916E-03 1.000000000E-09 4.559088916E-03 7.252743800E+07
 7.259165067E+07 4.494876396E-03 1.000000000E-09 4.494876396E-03 7.259165000E+07
 7.265586319E+07 4.430663877E-03 1.000000000E-09 4.430663877E-03 7.265586300E+07
 7.272007571E+07 4.366451357E-03 1.000000000E-09 4.366451357E-03 7.272007575E+07
 7.278428823E+07 4.302238837E-03 1.000000000E-09 4.302238837E-03 7.278428806E+07
 7.284850075E+07 4.238026317E-03 1.000000000E-09 4.238026317E-03 7.284850000E+07
 7.291271327E+07 4.173813797E-03 1.000000000E-09 4.173813797E-03 7.291271300E+07
 7.297692579E+07 4.109601277E-03 1.000000000E-09 4.109601277E-03 7.297692600E+07
 7.304113831E+07 4.045388757E-03 1.000000000E-09 4.045388757E-03 7.304115200E+07
 7.310535083E+07 3.981176237E-03 1.000000000E-09 3.981176237E-03 7.310535000E+07
 7.316956335E+07 3.916963717E-03 1.000000000E-09 3.916963717E-03 7.316955200E+07
 7.323377587E+07 3.852751197E-03 1.000000000E-09 3.852751197E-03 7.323377600E+07
 7.329798839E+07 3.788538677E-03 1.000000000E-09 3.788538677E-03 7.329798800E+07
 7.336220091E+07 3.724326157E-03 1.000000000E-09 3.724326157E-03 7.336220000E+07
 7.342641343E+07 3.660113637E-03 1.000000000E-09 3.660113637E-03 7.342641600E+07
 7.349062595E+07 3.595901117E-03 1.000000000E-09 3.595901117E-03 7.349062595E+07
 7.355483847E+07 3.531688597E-03 1.000000000E-09 3.531688597E-03 7.355483847E+07
 7.361905099E+07 3.467476077E-03 1.000000000E-09 3.467476077E-03 7.361905600E+07
 7.368326351E+07 3.403263557E-03 1.000000000E-09 3.403263557E-03 7.368326600E+07
 7.374747603E+07 3.339051037E-03 1.000000000E-09 3.339051037E-03 7.374747603E+07
 7.381168855E+07 3.274838517E-03 1.000000000E-09 3.274838517E-03 7.381171200E+07
 7.387590107E+07 3.210625997E-03 1.000000000E-09 3.210625997E-03 7.387588800E+07
 7.394011359E+07 3.146413478E-03 1.000000000E-09 3.146413478E-03 7.394013183E+07
 7.400432611E+07 3.082200958E-03 1.000000000E-09 3.082200958E-03 7.400432700E+07
 7.406853863E+07 3.017988438E-03 1.000000000E-09 3.017988438E-03 7.406853863E+07
 7.413275115E+07 2.953775918E-03 1.000000000E-09 2.953775918E-03 7.413275115E+07
 7.419696367E+07 2.889563398E-03 1.000000000E-09 2.889563398E-03 7.419699200E+07
 7.426117619E+07 2.825350878E-03 1.000000000E-09 2.825350878E-03 7.426124800E+07
 7.432538871E+07 2.761138358E-03 1.000000000E-09 2.761138358E-03 7.432538871E+07
 7.438960123E+07 2.696925838E-03 1.000000000E-09 2.696925838E-03 7.438961600E+07
 7.445381375E+07 2.632713318E-03 1.000000000E-09 2.632713318E-03 7.445381388E+07
 7.451802627E+07 2.568500798E-03 1.000000000E-09 2.568500798E-03 7.451802627E+07
 7.458223879E+07 2.504288278E-03 1.000000000E-09 2.504288278E-03 7.458223940E+07
 7.464645131E+07 2.440075758E-03 1.000000000E-09 2.440075758E-03 7.464645233E+07
 7.471066383E+07 2.375863238E-03 1.000000000E-09 2.375863238E-03 7.471066400E+07
 7.477487635E+07 2.311650718E-03 1.000000000E-09 2.311650718E-03 7.477487635E+07
 7.483908887E+07 2.247438198E-03 1.000000000E-09 2.247438198E-03 7.483908887E+07
 7.490330139E+07 2.183225678E-03 1.000000000E-09 2.183225678E-03 7.490330139E+07
 7.496751391E+07 2.119013158E-03 1.000000000E-09 2.119013158E-03 7.496751400E+07
 7.503172643E+07 2.054800638E-03 1.000000000E-09 2.054800638E-03 7.503172650E+07
 7.509593895E+07 1.990588118E-03 1.000000000E-09 1.990588118E-03 7.509593900E+07
 7.516015147E+07 1.926375598E-03 1.000000000E-09 1.926375598E-03 7.516015147E+07
 7.522436399E+07 1.862163079E-03 1.000000000E-09 1.862163079E-03 7.522441699E+07
 7.528857651E+07 1.797950559E-03 1.000000000E-09 1.797950559E-03 7.528857600E+07
 7.535278903E+07 1.733738039E-03 1.000000000E-09 1.733738039E-03 7.535275200E+07
 7.541700155E+07 1.669525519E-03 1.000000000E-09 1.669525519E-03 7.541704478E+07
 7.548121407E+07 1.605312999E-03 1.000000000E-09 1.605312999E-03 7.548121407E+07
 7.554542659E+07 1.541100479E-03 1.000000000E-09 1.541100479E-03 7.554542659E+07
 7.560963911E+07 1.476887959E-03 1.000000000E-09 1.476887959E-03 7.560963911E+07
 7.567385163E+07 1.412675439E-03 1.000000000E-09 1.412675439E-03 7.567385163E+07
 7.573806415E+07 1.348462919E-03 1.000000000E-09 1.348462919E-03 7.573806500E+07
 7.580227667E+07 1.284250399E-03 1.000000000E-09 1.284250399E-03 7.580228234E+07
 7.586648919E+07 1.220037879E-03 1.000000000E-09 1.220037879E-03 7.586654730E+07
 7.593070171E+07 1.155825359E-03 1.000000000E-09 1.155825359E-03 7.593075289E+07
 7.599491423E+07 1.091612839E-03 1.000000000E-09 1.091612839E-03 7.599491462E+07
 7.605912675E+07 1.027400319E-03 1.000000000E-09 1.027400319E-03 7.605912675E+07
 7.612333927E+07 9.631877992E-04 1.000000000E-09 9.631877992E-04 7.612333927E+07
 7.618755179E+07 8.989752793E-04 1.000000000E-09 8.989752793E-04 7.618756180E+07
 7.625176431E+07 8.347627593E-04 1.000000000E-09 8.347627593E-04 7.625176466E+07
 7.631597683E+07 7.705502394E-04 1.000000000E-09 7.705502394E-04 7.631603026E+07
 7.638018935E+07 7.063377194E-04 1.000000000E-09 7.063377194E-04 7.638026449E+07
 7.644440187E+07 6.421251995E-04 1.000000000E-09 6.421251995E-04 7.644440894E+07
 7.650861439E+07 5.779126795E-04 1.000000000E-09 5.779126795E-04 7.650862400E+07
 7.657282691E+07 5.137001596E-04 1.000000000E-09 5.137001596E-04 7.657282694E+07
 7.663703943E+07 4.494876396E-04 1.000000000E-09 4.494876396E-04 7.663702400E+07
 7.670125195E+07 3.852751197E-04 1.000000000E-09 3.852751197E-04 7.670125248E+07
 7.676546447E+07 3.210625997E-04 1.000000000E-09 3.210625997E-04 7.676546600E+07
 7.682967699E+07 2.568500798E-04 1.000000000E-09 2.568500798E-04 7.682967700E+07
 7.689388951E+07 1.926375598E-04 1.000000000E-09 1.926375598E-04 7.689394990E+07
 7.695810203E+07 1.284250399E-04 1.000000000E-09 1.284250399E-04 7.695810203E+07
 7.702231455E+07 6.421251995E-05 1.000000000E-09 6.421251995E-05 7.702231728E+07
