DENSITY AND THICKNESS DATA OF THE ATMOSPHERE AT AN ZENITH ANGLE OF 89.0 DEGREES
 0.000000000E+00 2.591861042E+04 1.229805824E-03 2.591861042E+04 0.000000000E+00
 1.404929790E+05 2.574645821E+04 1.226757405E-03 2.577262533E+04 1.187275815E+05
 2.809859579E+05 2.557376821E+04 1.223678416E-03 2.562664024E+04 2.377044762E+05
 4.214789369E+05 2.540188315E+04 1.220569124E-03 2.548065515E+04 3.575586417E+05
 5.619719158E+05 2.523072451E+04 1.217429800E-03 2.533467006E+04 4.769432246E+05
 7.024648948E+05 2.506012139E+04 1.214260719E-03 2.518868497E+04 5.966820582E+05
 8.429578737E+05 2.489015310E+04 1.211062154E-03 2.504269987E+04 7.166854705E+05
 9.834508527E+05 2.471992684E+04 1.207834383E-03 2.489671478E+04 8.375909077E+05
 1.123943832E+06 2.455030467E+04 1.204577685E-03 2.475072969E+04 9.581910993E+05
 1.264436811E+06 2.438151002E+04 1.201292341E-03 2.460474460E+04 1.078697416E+06
 1.404929790E+06 2.421258683E+04 1.197978635E-03 2.445875951E+04 1.200429777E+06
 1.545422768E+06 2.404472107E+04 1.194636851E-03 2.431277442E+04 1.321800209E+06
 1.685915747E+06 2.387732341E+04 1.191267276E-03 2.416678933E+04 1.443311949E+06
 1.826408726E+06 2.370980762E+04 1.187870198E-03 2.402080424E+04 1.565263808E+06
 1.966901705E+06 2.354338068E+04 1.184445908E-03 2.387481915E+04 1.687998183E+06
 2.107394684E+06 2.337741488E+04 1.180994697E-03 2.372883406E+04 1.810541768E+06
 2.247887663E+06 2.321134101E+04 1.177516860E-03 2.358284897E+04 1.933411055E+06
 2.388380642E+06 2.304634991E+04 1.174012692E-03 2.343686388E+04 2.057215736E+06
 2.528873621E+06 2.288184915E+04 1.170482489E-03 2.329087879E+04 2.180528220E+06
 2.669366600E+06 2.271724194E+04 1.166926550E-03 2.314489370E+04 2.304319782E+06
 2.809859579E+06 2.255477676E+04 1.163345175E-03 2.299890861E+04 2.428922503E+06
 2.950352558E+06 2.239083941E+04 1.159738665E-03 2.285292352E+04 2.553356102E+06
 3.090845537E+06 2.222774843E+04 1.156107323E-03 2.270693843E+04 2.678782198E+06
 3.231338516E+06 2.206576414E+04 1.152451453E-03 2.256095334E+04 2.804605644E+06
 3.371831495E+06 2.190429094E+04 1.148771361E-03 2.241496825E+04 2.929247014E+06
 3.512324474E+06 2.174274128E+04 1.145067353E-03 2.226898316E+04 3.055539602E+06
 3.652817453E+06 2.158232452E+04 1.141339737E-03 2.212299807E+04 3.181679679E+06
 3.793310432E+06 2.142241040E+04 1.137588823E-03 2.197701298E+04 3.308174502E+06
 3.933803411E+06 2.126243213E+04 1.133814921E-03 2.183102788E+04 3.435695160E+06
 4.074296390E+06 2.110357547E+04 1.130018342E-03 2.168504279E+04 3.562778017E+06
 4.214789369E+06 2.094524917E+04 1.126199400E-03 2.153905770E+04 3.690881355E+06
 4.355282348E+06 2.078764721E+04 1.122358407E-03 2.139307261E+04 3.818851325E+06
 4.495775326E+06 2.063020750E+04 1.118495678E-03 2.124708752E+04 3.947880936E+06
 4.636268305E+06 2.047272162E+04 1.114611530E-03 2.110110243E+04 4.076463210E+06
 4.776761284E+06 2.031655445E+04 1.110706277E-03 2.095511734E+04 4.206116955E+06
 4.917254263E+06 2.016112815E+04 1.106780238E-03 2.080913225E+04 4.335650427E+06
 5.057747242E+06 2.000588025E+04 1.102833731E-03 2.066314716E+04 4.465945865E+06
 5.198240221E+06 1.985077619E+04 1.098867075E-03 2.051716207E+04 4.596988348E+06
 5.338733200E+06 1.969684301E+04 1.094880589E-03 2.037117698E+04 4.727591343E+06
 5.479226179E+06 1.954344777E+04 1.090874594E-03 2.022519189E+04 4.859316928E+06
 5.619719158E+06 1.939080285E+04 1.086849410E-03 2.007920680E+04 4.990940519E+06
 5.760212137E+06 1.923775879E+04 1.082805360E-03 1.993322171E+04 5.123696867E+06
 5.900705116E+06 1.908605555E+04 1.078742765E-03 1.978723662E+04 5.256058603E+06
 6.041198095E+06 1.893510772E+04 1.074661949E-03 1.964125153E+04 5.389542937E+06
 6.181691074E+06 1.878387339E+04 1.070563234E-03 1.949526644E+04 5.523660959E+06
 6.322184053E+06 1.863388634E+04 1.066446944E-03 1.934928135E+04 5.657370654E+06
 6.462677032E+06 1.848448298E+04 1.062313403E-03 1.920329626E+04 5.792253146E+06
 6.603170011E+06 1.833565468E+04 1.058162935E-03 1.905731117E+04 5.927792070E+06
 6.743662990E+06 1.818759865E+04 1.053995865E-03 1.891132608E+04 6.063017643E+06
 6.884155969E+06 1.803918108E+04 1.049812519E-03 1.876534099E+04 6.199363076E+06
 7.024648948E+06 1.789210378E+04 1.045613220E-03 1.861935590E+04 6.335666545E+06
 7.165141927E+06 1.774561796E+04 1.041398296E-03 1.847337080E+04 6.473025444E+06
 7.305634906E+06 1.759972868E+04 1.037168070E-03 1.832738571E+04 6.610899115E+06
 7.446127884E+06 1.745383750E+04 1.032922870E-03 1.818140062E+04 6.749477016E+06
 7.586620863E+06 1.730912868E+04 1.028663019E-03 1.803541553E+04 6.887704009E+06
 7.727113842E+06 1.716509393E+04 1.024388845E-03 1.788943044E+04 7.027177504E+06
 7.867606821E+06 1.702139614E+04 1.020100673E-03 1.774344535E+04 7.167204809E+06
 8.008099800E+06 1.687848690E+04 1.015798828E-03 1.759746026E+04 7.307797176E+06
 8.148592779E+06 1.673618013E+04 1.011483637E-03 1.745147517E+04 7.449133058E+06
 8.289085758E+06 1.659467230E+04 1.007155424E-03 1.730549008E+04 7.590118740E+06
 8.429578737E+06 1.645280051E+04 1.002814515E-03 1.715950499E+04 7.732507964E+06
 8.570071716E+06 1.631231135E+04 9.984612344E-04 1.701351990E+04 7.875240918E+06
 8.710564695E+06 1.617245764E+04 9.940959075E-04 1.686753481E+04 8.018759037E+06
 8.851057674E+06 1.603319324E+04 9.897188585E-04 1.672154972E+04 8.162891473E+06
 8.991550653E+06 1.589472754E+04 9.853304118E-04 1.657556463E+04 8.307655387E+06
 9.132043632E+06 1.575651207E+04 9.809308909E-04 1.642957954E+04 8.453050070E+06
 9.272536611E+06 1.561850315E+04 9.765206192E-04 1.628359445E+04 8.599272573E+06
 9.413029590E+06 1.548179725E+04 9.720999197E-04 1.613760936E+04 8.745809920E+06
 9.553522569E+06 1.534561361E+04 9.676691147E-04 1.599162427E+04 8.893359649E+06
 9.694015548E+06 1.521005274E+04 9.632285261E-04 1.584563918E+04 9.041221296E+06
 9.834508527E+06 1.507511891E+04 9.587784752E-04 1.569965409E+04 9.190139016E+06
 9.975001506E+06 1.494099010E+04 9.543192827E-04 1.555366900E+04 9.339384895E+06
 1.011549448E+07 1.480652413E+04 9.498512687E-04 1.540768391E+04 9.490590968E+06
 1.025598746E+07 1.467348031E+04 9.453747526E-04 1.526169881E+04 9.640502649E+06
 1.039648044E+07 1.454104164E+04 9.408900530E-04 1.511571372E+04 9.792299531E+06
 1.053697342E+07 1.440923013E+04 9.363974879E-04 1.496972863E+04 9.944473541E+06
 1.067746640E+07 1.427805429E+04 9.318973744E-04 1.482374354E+04 1.009759596E+07
 1.081795938E+07 1.414750420E+04 9.273900289E-04 1.467775845E+04 1.025151894E+07
 1.095845236E+07 1.401776955E+04 9.228757668E-04 1.453177336E+04 1.040620907E+07
 1.109894534E+07 1.388811033E+04 9.183549027E-04 1.438578827E+04 1.056251757E+07
 1.123943832E+07 1.375945683E+04 9.138277501E-04 1.423980318E+04 1.071863696E+07
 1.137993130E+07 1.363162085E+04 9.092946219E-04 1.409381809E+04 1.087578234E+07
 1.152042427E+07 1.350405702E+04 9.047558297E-04 1.394783300E+04 1.103420736E+07
 1.166091725E+07 1.337749443E+04 9.002116842E-04 1.380184791E+04 1.119306386E+07
 1.180141023E+07 1.325122022E+04 8.956624949E-04 1.365586282E+04 1.135280010E+07
 1.194190321E+07 1.312593164E+04 8.911085703E-04 1.350987773E+04 1.151407883E+07
 1.208239619E+07 1.300031694E+04 8.865502179E-04 1.336389264E+04 1.167562222E+07
 1.222288917E+07 1.287612074E+04 8.819877438E-04 1.321790755E+04 1.183812281E+07
 1.236338215E+07 1.275255921E+04 8.774214531E-04 1.307192246E+04 1.200219357E+07
 1.250387513E+07 1.262963566E+04 8.728516494E-04 1.292593737E+04 1.216658429E+07
 1.264436811E+07 1.250745048E+04 8.682786355E-04 1.277995228E+04 1.233282016E+07
 1.278486108E+07 1.238580834E+04 8.637027125E-04 1.263396719E+04 1.249898169E+07
 1.292535406E+07 1.226481170E+04 8.591241803E-04 1.248798210E+04 1.266715530E+07
 1.306584704E+07 1.214444993E+04 8.545433375E-04 1.234199701E+04 1.283558698E+07
 1.320634002E+07 1.202473080E+04 8.499604813E-04 1.219601192E+04 1.300597916E+07
 1.334683300E+07 1.190567610E+04 8.453759076E-04 1.205002683E+04 1.317634462E+07
 1.348732598E+07 1.178724008E+04 8.407899106E-04 1.190404173E+04 1.334873806E+07
 1.362781896E+07 1.166944442E+04 8.362027833E-04 1.175805664E+04 1.352224212E+07
 1.376831194E+07 1.155248122E+04 8.316148169E-04 1.161207155E+04 1.369620852E+07
 1.390880492E+07 1.143578627E+04 8.270263015E-04 1.146608646E+04 1.387204027E+07
 1.404929790E+07 1.132010137E+04 8.224375253E-04 1.132010137E+04 1.404929790E+07
 1.417161059E+07 1.121901363E+04 8.222122041E-04 1.124519076E+04 1.413919718E+07
 1.429392329E+07 1.111848690E+04 8.176702494E-04 1.117028015E+04 1.423131037E+07
 1.441623599E+07 1.101782868E+04 8.131316864E-04 1.109536954E+04 1.432194034E+07
 1.453854869E+07 1.091952415E+04 8.085967381E-04 1.102045893E+04 1.441302928E+07
 1.466086139E+07 1.082143247E+04 8.040656262E-04 1.094554832E+04 1.450671030E+07
 1.478317409E+07 1.072237173E+04 7.995385710E-04 1.087063771E+04 1.459941944E+07
 1.490548679E+07 1.062566461E+04 7.950157908E-04 1.079572710E+04 1.469251920E+07
 1.502779949E+07 1.052845322E+04 7.904975028E-04 1.072081649E+04 1.478510116E+07
 1.515011218E+07 1.043257611E+04 7.859839223E-04 1.064590588E+04 1.487905275E+07
 1.527242488E+07 1.033570759E+04 7.814752631E-04 1.057099527E+04 1.497461728E+07
 1.539473758E+07 1.024090007E+04 7.769717373E-04 1.049608465E+04 1.506837268E+07
 1.551705028E+07 1.014667411E+04 7.724735555E-04 1.042117404E+04 1.516446439E+07
 1.563936298E+07 1.005145027E+04 7.679809265E-04 1.034626343E+04 1.525905427E+07
 1.576167568E+07 9.958301713E+03 7.634940575E-04 1.027135282E+04 1.535600025E+07
 1.588398838E+07 9.864941469E+03 7.590131541E-04 1.019644221E+04 1.545144762E+07
 1.600630108E+07 9.772135386E+03 7.545384201E-04 1.012153160E+04 1.554925995E+07
 1.612861377E+07 9.680615204E+03 7.500700578E-04 1.004662099E+04 1.564657203E+07
 1.625092647E+07 9.588891725E+03 7.456082674E-04 9.971710379E+03 1.574431211E+07
 1.637323917E+07 9.497720290E+03 7.411532477E-04 9.896799768E+03 1.584250796E+07
 1.649555187E+07 9.407892663E+03 7.367051958E-04 9.821889157E+03 1.594116363E+07
 1.661786457E+07 9.317796894E+03 7.322643069E-04 9.746978547E+03 1.604029118E+07
 1.674017727E+07 9.228250847E+03 7.278307744E-04 9.672067936E+03 1.613988705E+07
 1.686248997E+07 9.139989368E+03 7.234047901E-04 9.597157325E+03 1.623996358E+07
 1.698480267E+07 9.051515790E+03 7.189865440E-04 9.522246714E+03 1.634052538E+07
 1.710711537E+07 8.963589394E+03 7.145762243E-04 9.447336104E+03 1.644166317E+07
 1.722942806E+07 8.876953782E+03 7.101740172E-04 9.372425493E+03 1.654321720E+07
 1.735174076E+07 8.790093763E+03 7.057801075E-04 9.297514882E+03 1.664630737E+07
 1.747405346E+07 8.703778195E+03 7.013946779E-04 9.222604271E+03 1.674785377E+07
 1.759636616E+07 8.618735252E+03 6.970179093E-04 9.147693660E+03 1.685196673E+07
 1.771867886E+07 8.534254862E+03 6.926499809E-04 9.072783050E+03 1.695558312E+07
 1.784099156E+07 8.448767128E+03 6.882910701E-04 8.997872439E+03 1.705973421E+07
 1.796330426E+07 8.365577521E+03 6.839413522E-04 8.922961828E+03 1.716445023E+07
 1.808561696E+07 8.281909102E+03 6.796010009E-04 8.848051217E+03 1.726969630E+07
 1.820792965E+07 8.198779088E+03 6.752701879E-04 8.773140607E+03 1.737656674E+07
 1.833024235E+07 8.116928755E+03 6.709490832E-04 8.698229996E+03 1.748293295E+07
 1.845255505E+07 8.034846128E+03 6.666378548E-04 8.623319385E+03 1.758986971E+07
 1.857486775E+07 7.953298618E+03 6.623366689E-04 8.548408774E+03 1.769739241E+07
 1.869718045E+07 7.873031252E+03 6.580456898E-04 8.473498164E+03 1.780550799E+07
 1.881949315E+07 7.792523527E+03 6.537650798E-04 8.398587553E+03 1.791458927E+07
 1.894180585E+07 7.712547449E+03 6.494949995E-04 8.323676942E+03 1.802391469E+07
 1.906411855E+07 7.633827551E+03 6.452356075E-04 8.248766331E+03 1.813495948E+07
 1.918643125E+07 7.555653536E+03 6.409870606E-04 8.173855720E+03 1.824552494E+07
 1.930874394E+07 7.477274524E+03 6.367495135E-04 8.098945110E+03 1.835672613E+07
 1.943105664E+07 7.399354793E+03 6.325231192E-04 8.024034499E+03 1.846972523E+07
 1.955336934E+07 7.322726179E+03 6.283080287E-04 7.949123888E+03 1.858109617E+07
 1.967568204E+07 7.245831599E+03 6.241043911E-04 7.874213277E+03 1.869540758E+07
 1.979799474E+07 7.169456739E+03 6.199123536E-04 7.799302667E+03 1.880925778E+07
 1.992030744E+07 7.094356506E+03 6.157320615E-04 7.724392056E+03 1.892380256E+07
 2.004262014E+07 7.019010465E+03 6.115636580E-04 7.649481445E+03 1.904019533E+07
 2.016493284E+07 6.944167766E+03 6.074072846E-04 7.574570834E+03 1.915614005E+07
 2.028724553E+07 6.870582968E+03 6.032630809E-04 7.499660223E+03 1.927281505E+07
 2.040955823E+07 6.796748503E+03 5.991311843E-04 7.424749613E+03 1.939149787E+07
 2.053187093E+07 6.723425740E+03 5.950117305E-04 7.349839002E+03 1.950964095E+07
 2.065418363E+07 6.651341509E+03 5.909048532E-04 7.274928391E+03 1.962855294E+07
 2.077649633E+07 6.579062629E+03 5.868106843E-04 7.200017780E+03 1.974944137E+07
 2.089880903E+07 6.508259929E+03 5.827293535E-04 7.125107170E+03 1.986990064E+07
 2.102112173E+07 6.436910467E+03 5.786609887E-04 7.050196559E+03 1.999117106E+07
 2.114343443E+07 6.366068485E+03 5.746057160E-04 6.975285948E+03 2.011448659E+07
 2.126574712E+07 6.296488917E+03 5.705636594E-04 6.900375337E+03 2.023738736E+07
 2.138805982E+07 6.226627755E+03 5.665349409E-04 6.825464727E+03 2.036114536E+07
 2.151037252E+07 6.157269592E+03 5.625196809E-04 6.750554116E+03 2.048697137E+07
 2.163268522E+07 6.089162594E+03 5.585179976E-04 6.675643505E+03 2.061371646E+07
 2.175499792E+07 6.020775201E+03 5.545300072E-04 6.600732894E+03 2.073884016E+07
 2.187731062E+07 5.953636740E+03 5.505558242E-04 6.525822283E+03 2.086783332E+07
 2.199962332E+07 5.886212551E+03 5.465955611E-04 6.450911673E+03 2.099602241E+07
 2.212193602E+07 5.820043669E+03 5.426493284E-04 6.376001062E+03 2.112641413E+07
 2.224424872E+07 5.753641399E+03 5.387172348E-04 6.301090451E+03 2.125781172E+07
 2.236656141E+07 5.687664595E+03 5.347993869E-04 6.226179840E+03 2.138883840E+07
 2.248887411E+07 5.622922362E+03 5.308958896E-04 6.151269230E+03 2.152088626E+07
 2.261118681E+07 5.557896528E+03 5.270068458E-04 6.076358619E+03 2.165526697E+07
 2.273349951E+07 5.493354742E+03 5.231323563E-04 6.001448008E+03 2.179069384E+07
 2.285581221E+07 5.430019271E+03 5.192725203E-04 5.926537397E+03 2.192581823E+07
 2.297812491E+07 5.367193518E+03 5.154274350E-04 5.851626786E+03 2.206337788E+07
 2.310043761E+07 5.304037677E+03 5.115971955E-04 5.776716176E+03 2.220067370E+07
 2.322275031E+07 5.241362252E+03 5.077818953E-04 5.701805565E+03 2.234056609E+07
 2.334506300E+07 5.179908508E+03 5.039816258E-04 5.626894954E+03 2.248152029E+07
 2.346737570E+07 5.118156513E+03 5.001964766E-04 5.551984343E+03 2.262367473E+07
 2.358968840E+07 5.056879822E+03 4.964265355E-04 5.477073733E+03 2.276553422E+07
 2.371200110E+07 4.997050361E+03 4.926718881E-04 5.402163122E+03 2.290866207E+07
 2.383431380E+07 4.936674627E+03 4.889326185E-04 5.327252511E+03 2.305445236E+07
 2.395662650E+07 4.877517725E+03 4.852088088E-04 5.252341900E+03 2.320150913E+07
 2.407893920E+07 4.818045801E+03 4.815005391E-04 5.177431290E+03 2.334989114E+07
 2.420125190E+07 4.759793403E+03 4.778078879E-04 5.102520679E+03 2.349961395E+07
 2.432356459E+07 4.701234366E+03 4.741309316E-04 5.027610068E+03 2.364968948E+07
 2.444587729E+07 4.643122802E+03 4.704697449E-04 4.952699457E+03 2.380216278E+07
 2.456818999E+07 4.586196630E+03 4.668244007E-04 4.877788846E+03 2.395607829E+07
 2.469050269E+07 4.529738758E+03 4.631949699E-04 4.802878236E+03 2.410990617E+07
 2.481281539E+07 4.472936138E+03 4.595815216E-04 4.727967625E+03 2.426674934E+07
 2.493512809E+07 4.416589341E+03 4.559841234E-04 4.653057014E+03 2.442516055E+07
 2.505744079E+07 4.361493897E+03 4.524028406E-04 4.578146403E+03 2.458511583E+07
 2.517975349E+07 4.306015833E+03 4.488377371E-04 4.503235793E+03 2.474668859E+07
 2.530206619E+07 4.251733258E+03 4.452888747E-04 4.428325182E+03 2.490990556E+07
 2.542437888E+07 4.197117671E+03 4.417563137E-04 4.353414571E+03 2.507495025E+07
 2.554669158E+07 4.143694532E+03 4.382401124E-04 4.278503960E+03 2.524159371E+07
 2.566900428E+07 4.089950011E+03 4.347403273E-04 4.203593349E+03 2.541002213E+07
 2.579131698E+07 4.037381623E+03 4.312570134E-04 4.128682739E+03 2.558026922E+07
 2.591362968E+07 3.984468831E+03 4.277902238E-04 4.053772128E+03 2.575242376E+07
 2.603594238E+07 3.932749013E+03 4.243400096E-04 3.978861517E+03 2.592647085E+07
 2.615825508E+07 3.880676905E+03 4.209064206E-04 3.903950906E+03 2.610250431E+07
 2.628056778E+07 3.829040296E+03 4.174895046E-04 3.829040296E+03 2.628056778E+07
 2.663016416E+07 3.682442385E+03 4.125712281E-04 3.790999045E+03 2.637019151E+07
 2.697976054E+07 3.540533853E+03 3.993129010E-04 3.752957793E+03 2.646059055E+07
 2.732935693E+07 3.403206445E+03 3.863646992E-04 3.714916542E+03 2.655175175E+07
 2.767895331E+07 3.270362503E+03 3.737242205E-04 3.676875291E+03 2.664366403E+07
 2.802854970E+07 3.141872972E+03 3.613888674E-04 3.638834040E+03 2.673639596E+07
 2.837814608E+07 3.017644622E+03 3.493558568E-04 3.600792789E+03 2.682993630E+07
 2.872774246E+07 2.897568599E+03 3.376222294E-04 3.562751538E+03 2.692427503E+07
 2.907733885E+07 2.781542677E+03 3.261848589E-04 3.524710287E+03 2.701945439E+07
 2.942693523E+07 2.669474644E+03 3.150404618E-04 3.486669036E+03 2.711552237E+07
 2.977653162E+07 2.561241443E+03 3.041856061E-04 3.448627784E+03 2.721246582E+07
 3.012612800E+07 2.456752390E+03 2.936167209E-04 3.410586533E+03 2.731027631E+07
 3.047572439E+07 2.355908667E+03 2.833301052E-04 3.372545282E+03 2.740902985E+07
 3.082532077E+07 2.258612060E+03 2.733219367E-04 3.334504031E+03 2.750871718E+07
 3.117491715E+07 2.164773913E+03 2.635882810E-04 3.296462780E+03 2.760933011E+07
 3.152451354E+07 2.074283303E+03 2.541250999E-04 3.258421529E+03 2.771094773E+07
 3.187410992E+07 1.987054204E+03 2.449282600E-04 3.220380278E+03 2.781356201E+07
 3.222370631E+07 1.903005798E+03 2.359935410E-04 3.182339027E+03 2.791716647E+07
 3.257330269E+07 1.822024103E+03 2.273166438E-04 3.144297775E+03 2.802184344E+07
 3.292289907E+07 1.744042166E+03 2.188931986E-04 3.106256524E+03 2.812758713E+07
 3.327249546E+07 1.668950473E+03 2.107187726E-04 3.068215273E+03 2.823439243E+07
 3.362209184E+07 1.596675293E+03 2.027888776E-04 3.030174022E+03 2.834235112E+07
 3.397168823E+07 1.527128272E+03 1.950989774E-04 2.992132771E+03 2.845144881E+07
 3.432128461E+07 1.460228173E+03 1.876444950E-04 2.954091520E+03 2.856168793E+07
 3.467088099E+07 1.395905198E+03 1.804208193E-04 2.916050269E+03 2.867315928E+07
 3.502047738E+07 1.334066973E+03 1.734233124E-04 2.878009018E+03 2.878586152E+07
 3.537007376E+07 1.274625559E+03 1.666473155E-04 2.839967766E+03 2.889979361E+07
 3.571967015E+07 1.217514611E+03 1.600881558E-04 2.801926515E+03 2.901505287E+07
 3.606926653E+07 1.162662362E+03 1.537411520E-04 2.763885264E+03 2.913163975E+07
 3.641886292E+07 1.109997186E+03 1.476016206E-04 2.725844013E+03 2.924955560E+07
 3.676845930E+07 1.059434845E+03 1.416648814E-04 2.687802762E+03 2.936890496E+07
 3.711805568E+07 1.010924323E+03 1.359262627E-04 2.649761511E+03 2.948969134E+07
 3.746765207E+07 9.643859488E+02 1.303811067E-04 2.611720260E+03 2.961191832E+07
 3.781724845E+07 9.197418764E+02 1.250247745E-04 2.573679009E+03 2.973573647E+07
 3.816684484E+07 8.769377787E+02 1.198526504E-04 2.535637757E+03 2.986104236E+07
 3.851644122E+07 8.359113489E+02 1.148601469E-04 2.497596506E+03 2.998798950E+07
 3.886603760E+07 7.966097568E+02 1.100427084E-04 2.459555255E+03 3.011658889E+07
 3.921563399E+07 7.589616386E+02 1.053958158E-04 2.421514004E+03 3.024688995E+07
 3.956523037E+07 7.228978173E+02 1.009149898E-04 2.383472753E+03 3.037894310E+07
 3.991482676E+07 6.883832911E+02 9.659579486E-05 2.345431502E+03 3.051276375E+07
 4.026442314E+07 6.553397126E+02 9.243384232E-05 2.307390251E+03 3.064848517E+07
 4.061401952E+07 6.237349960E+02 8.842479366E-05 2.269349000E+03 3.078612752E+07
 4.096361591E+07 5.935022867E+02 8.456436341E-05 2.231307748E+03 3.092573320E+07
 4.131321229E+07 5.645860012E+02 8.084832192E-05 2.193266497E+03 3.106745346E+07
 4.166280868E+07 5.369551494E+02 7.727249788E-05 2.155225246E+03 3.121120143E+07
 4.201240506E+07 5.105505196E+02 7.383278062E-05 2.117183995E+03 3.135717730E+07
 4.236200145E+07 4.853138823E+02 7.052512233E-05 2.079142744E+03 3.150541593E+07
 4.271159783E+07 4.612218739E+02 6.734553995E-05 2.041101493E+03 3.165599732E+07
 4.306119421E+07 4.382102603E+02 6.429011698E-05 2.003060242E+03 3.180900447E+07
 4.341079060E+07 4.162546666E+02 6.135500505E-05 1.965018991E+03 3.196452640E+07
 4.376038698E+07 3.952934467E+02 5.853642538E-05 1.926977739E+03 3.212265649E+07
 4.410998337E+07 3.753200700E+02 5.583067001E-05 1.888936488E+03 3.228349579E+07
 4.445957975E+07 3.562511197E+02 5.323410287E-05 1.850895237E+03 3.244714523E+07
 4.480917613E+07 3.380820260E+02 5.074316077E-05 1.812853986E+03 3.261376595E+07
 4.515877252E+07 3.207425890E+02 4.835435417E-05 1.774812735E+03 3.278333192E+07
 4.550836890E+07 3.042615275E+02 4.606426778E-05 1.736771484E+03 3.295616403E+07
 4.585796529E+07 2.885352492E+02 4.386956112E-05 1.698730233E+03 3.313224682E+07
 4.620756167E+07 2.735819755E+02 4.176696885E-05 1.660688982E+03 3.331177239E+07
 4.655715805E+07 2.593291845E+02 3.975330104E-05 1.622647730E+03 3.349490197E+07
 4.690675444E+07 2.457695798E+02 3.782544325E-05 1.584606479E+03 3.368178002E+07
 4.725635082E+07 2.328725871E+02 3.598035657E-05 1.546565228E+03 3.387264550E+07
 4.760594721E+07 2.206063043E+02 3.421507748E-05 1.508523977E+03 3.406757587E+07
 4.795554359E+07 2.089328189E+02 3.252671766E-05 1.470482726E+03 3.426682431E+07
 4.830513998E+07 1.978581003E+02 3.091246366E-05 1.432441475E+03 3.447066724E+07
 4.865473636E+07 1.873130030E+02 2.936957650E-05 1.394400224E+03 3.467922294E+07
 4.900433274E+07 1.773078494E+02 2.789539117E-05 1.356358973E+03 3.489279497E+07
 4.935392913E+07 1.678044119E+02 2.648731604E-05 1.318317721E+03 3.511172446E+07
 4.970352551E+07 1.587822224E+02 2.514283221E-05 1.280276470E+03 3.533624468E+07
 5.005312190E+07 1.502186548E+02 2.385949278E-05 1.242235219E+03 3.556661218E+07
 5.040271828E+07 1.420933131E+02 2.263492204E-05 1.204193968E+03 3.580323891E+07
 5.075231466E+07 1.343825316E+02 2.146681461E-05 1.166152717E+03 3.604660495E+07
 5.110191105E+07 1.270736761E+02 2.035293453E-05 1.128111466E+03 3.629699964E+07
 5.145150743E+07 1.201557963E+02 1.929111424E-05 1.090070215E+03 3.655495063E+07
 5.180110382E+07 1.135788021E+02 1.827925361E-05 1.052028964E+03 3.682094907E+07
 5.215070020E+07 1.073683339E+02 1.731531884E-05 1.013987713E+03 3.709556121E+07
 5.250029658E+07 1.014645602E+02 1.639734133E-05 9.759464614E+02 3.737942144E+07
 5.284989297E+07 9.589761358E+01 1.552341658E-05 9.379052103E+02 3.767322740E+07
 5.319948935E+07 9.061582141E+01 1.469170295E-05 8.998639591E+02 3.797777210E+07
 5.354908574E+07 8.561775864E+01 1.390042052E-05 8.618227080E+02 3.829394271E+07
 5.389868212E+07 8.088896451E+01 1.314784977E-05 8.237814569E+02 3.862285795E+07
 5.424827851E+07 7.641638305E+01 1.243233039E-05 7.857402058E+02 3.896544705E+07
 5.459787489E+07 7.218524801E+01 1.175225997E-05 7.476989546E+02 3.932312638E+07
 5.494747127E+07 6.820085859E+01 1.110609275E-05 7.096577035E+02 3.969752571E+07
 5.529706766E+07 6.442363319E+01 1.049233824E-05 6.716164524E+02 4.009029293E+07
 5.564666404E+07 6.085556395E+01 9.909559996E-06 6.335752013E+02 4.050349405E+07
 5.599626043E+07 5.749631880E+01 9.356374244E-06 5.955339502E+02 4.093964995E+07
 5.634585681E+07 5.430465816E+01 8.831448577E-06 5.574926990E+02 4.140149709E+07
 5.669545319E+07 5.131277902E+01 8.333500635E-06 5.194514479E+02 4.189262164E+07
 5.704504958E+07 4.848945548E+01 7.861296780E-06 4.814101968E+02 4.241748789E+07
 5.739464596E+07 4.581637401E+01 7.413650777E-06 4.433689457E+02 4.298130933E+07
 5.774424235E+07 4.329491237E+01 6.989422486E-06 4.053276945E+02 4.359115817E+07
 5.809383873E+07 4.092516177E+01 6.587516552E-06 3.672864434E+02 4.425507749E+07
 5.844343511E+07 3.868417445E+01 6.206881115E-06 3.292451923E+02 4.498536005E+07
 5.879303150E+07 3.658355922E+01 5.846506524E-06 2.912039412E+02 4.579751344E+07
 5.914262788E+07 3.459460937E+01 5.505424066E-06 2.531626900E+02 4.671379783E+07
 5.949222427E+07 3.273204273E+01 5.182704710E-06 2.151214389E+02 4.776804275E+07
 5.984182065E+07 3.096970941E+01 4.877457866E-06 1.770801878E+02 4.901247165E+07
 6.019141704E+07 2.932010244E+01 4.588830158E-06 1.390389367E+02 5.053896880E+07
 6.054101342E+07 2.776852452E+01 4.316004222E-06 1.009976856E+02 5.252874441E+07
 6.089060980E+07 2.629843637E+01 4.058197519E-06 6.295643443E+01 5.543817248E+07
 6.124020619E+07 2.491518330E+01 3.814661162E-06 2.491518330E+01 6.124020619E+07
 6.165521000E+07 2.333024990E+01 3.703961714E-06 2.466610225E+01 6.130378017E+07
 6.207021380E+07 2.183911425E+01 3.484132821E-06 2.441702119E+01 6.136794385E+07
 6.248521761E+07 2.043673201E+01 3.276225524E-06 2.416794013E+01 6.143272350E+07
 6.290022142E+07 1.911825962E+01 3.079667162E-06 2.391885907E+01 6.149812414E+07
 6.331522523E+07 1.787910981E+01 2.893907961E-06 2.366977801E+01 6.156415835E+07
 6.373022903E+07 1.671488325E+01 2.718420394E-06 2.342069696E+01 6.163083911E+07
 6.414523284E+07 1.562145388E+01 2.552698549E-06 2.317161590E+01 6.169817673E+07
 6.456023665E+07 1.459484545E+01 2.396257493E-06 2.292253484E+01 6.176618416E+07
 6.497524046E+07 1.363130660E+01 2.248632641E-06 2.267345378E+01 6.183488924E+07
 6.539024426E+07 1.272731817E+01 2.109379136E-06 2.242437272E+01 6.190429445E+07
 6.580524807E+07 1.187940091E+01 1.978071221E-06 2.217529166E+01 6.197441495E+07
 6.622025188E+07 1.108444711E+01 1.854301632E-06 2.192621061E+01 6.204526650E+07
 6.663525569E+07 1.033934318E+01 1.737680986E-06 2.167712955E+01 6.211686782E+07
 6.705025949E+07 9.641244158E+00 1.627837183E-06 2.142804849E+01 6.218924118E+07
 6.746526330E+07 8.987327812E+00 1.524414820E-06 2.117896743E+01 6.226239859E+07
 6.788026711E+07 8.375111430E+00 1.427074604E-06 2.092988637E+01 6.233635802E+07
 6.829527092E+07 7.802067571E+00 1.335492784E-06 2.068080532E+01 6.241113808E+07
 6.871027473E+07 7.265888689E+00 1.249360591E-06 2.043172426E+01 6.248674634E+07
 6.912527853E+07 6.764367712E+00 1.168383684E-06 2.018264320E+01 6.256322908E+07
 6.954028234E+07 6.295441203E+00 1.092281617E-06 1.993356214E+01 6.264058942E+07
 6.995528615E+07 5.857126555E+00 1.020787309E-06 1.968448108E+01 6.271884882E+07
 7.037028996E+07 5.447558102E+00 9.536465279E-07 1.943540002E+01 6.279803258E+07
 7.078529376E+07 5.065021000E+00 8.906173899E-07 1.918631897E+01 6.287815754E+07
 7.120029757E+07 4.707817866E+00 8.314698679E-07 1.893723791E+01 6.295926287E+07
 7.161530138E+07 4.374376522E+00 7.759853140E-07 1.868815685E+01 6.304136450E+07
 7.203030519E+07 4.063266472E+00 7.239559939E-07 1.843907579E+01 6.312448834E+07
 7.244530899E+07 3.773052842E+00 6.751846352E-07 1.818999473E+01 6.320865748E+07
 7.286031280E+07 3.502440799E+00 6.294839872E-07 1.794091368E+01 6.329390215E+07
 7.327531661E+07 3.250180689E+00 5.866763947E-07 1.769183262E+01 6.338025872E+07
 7.369032042E+07 3.015105021E+00 5.465933841E-07 1.744275156E+01 6.346774880E+07
 7.410532422E+07 2.796136868E+00 5.090752623E-07 1.719367050E+01 6.355639748E+07
 7.452032803E+07 2.592241481E+00 4.739707283E-07 1.694458944E+01 6.364626090E+07
 7.493533184E+07 2.402431185E+00 4.411364982E-07 1.669550838E+01 6.373736039E+07
 7.535033565E+07 2.225809616E+00 4.104369415E-07 1.644642733E+01 6.382973199E+07
 7.576533945E+07 2.061474525E+00 3.817437307E-07 1.619734627E+01 6.392341334E+07
 7.618034326E+07 1.908695898E+00 3.549355030E-07 1.594826521E+01 6.401844381E+07
 7.659534707E+07 1.766643702E+00 3.298975334E-07 1.569918415E+01 6.411485162E+07
 7.701035088E+07 1.634635173E+00 3.065214211E-07 1.545010309E+01 6.421270203E+07
 7.742535469E+07 1.512011430E+00 2.847047857E-07 1.520102204E+01 6.431203117E+07
 7.784035849E+07 1.398136209E+00 2.643509764E-07 1.495194098E+01 6.441287852E+07
 7.825536230E+07 1.292392027E+00 2.453687916E-07 1.470285992E+01 6.451531290E+07
 7.867036611E+07 1.194303670E+00 2.276722099E-07 1.445377886E+01 6.461937522E+07
 7.908536992E+07 1.103269106E+00 2.111801312E-07 1.420469780E+01 6.472510448E+07
 7.950037372E+07 1.018844251E+00 1.958161290E-07 1.395561674E+01 6.483259432E+07
 7.991537753E+07 9.405965762E-01 1.815082126E-07 1.370653569E+01 6.494187729E+07
 8.033038134E+07 8.680770172E-01 1.681885991E-07 1.345745463E+01 6.505301329E+07
 8.074538515E+07 8.008724741E-01 1.557934951E-07 1.320837357E+01 6.516609900E+07
 8.116038895E+07 7.386230221E-01 1.442628882E-07 1.295929251E+01 6.528118927E+07
 8.157539276E+07 6.810370615E-01 1.335403471E-07 1.271021145E+01 6.539835958E+07
 8.199039657E+07 6.276793324E-01 1.235728307E-07 1.246113040E+01 6.551767609E+07
 8.240540038E+07 5.783650358E-01 1.143105062E-07 1.221204934E+01 6.563924625E+07
 8.282040418E+07 5.327027569E-01 1.057065746E-07 1.196296828E+01 6.576315091E+07
 8.323540799E+07 4.905422032E-01 9.771710509E-08 1.171388722E+01 6.588947558E+07
 8.365041180E+07 4.515471919E-01 9.030087678E-08 1.146480616E+01 6.601834542E+07
 8.406541561E+07 4.155177210E-01 8.341922794E-08 1.121572510E+01 6.614983448E+07
 8.448041942E+07 3.822362429E-01 7.703591246E-08 1.096664405E+01 6.628410244E+07
 8.489542322E+07 3.515056487E-01 7.111696333E-08 1.071756299E+01 6.642122678E+07
 8.531042703E+07 3.231564192E-01 6.563056269E-08 1.046848193E+01 6.656136427E+07
 8.572543084E+07 2.969878395E-01 6.054691842E-08 1.021940087E+01 6.670466110E+07
 8.614043465E+07 2.728577734E-01 5.583814683E-08 9.970319813E+00 6.685124555E+07
 8.655543845E+07 2.505814445E-01 5.147816135E-08 9.721238755E+00 6.700130411E+07
 8.697044226E+07 2.300705271E-01 4.744256687E-08 9.472157697E+00 6.715497842E+07
 8.738544607E+07 2.111691900E-01 4.370855957E-08 9.223076639E+00 6.731248634E+07
 8.780044988E+07 1.937594828E-01 4.025483196E-08 8.973995581E+00 6.747401582E+07
 8.821545368E+07 1.777124836E-01 3.706148294E-08 8.724914522E+00 6.763981179E+07
 8.863045749E+07 1.629423834E-01 3.410993266E-08 8.475833464E+00 6.781007629E+07
 8.904546130E+07 1.493790491E-01 3.138284195E-08 8.226752406E+00 6.798509636E+07
 8.946046511E+07 1.368766055E-01 2.886403614E-08 7.977671348E+00 6.816513557E+07
 8.987546891E+07 1.253941350E-01 2.653843301E-08 7.728590290E+00 6.835053845E+07
 9.029047272E+07 1.148199120E-01 2.439197480E-08 7.479509232E+00 6.854160063E+07
 9.070547653E+07 1.051020309E-01 2.241156397E-08 7.230428173E+00 6.873870287E+07
 9.112048034E+07 9.620121750E-02 2.058500258E-08 6.981347115E+00 6.894230971E+07
 9.153548415E+07 8.801701792E-02 1.890093511E-08 6.732266057E+00 6.915281782E+07
 9.195048795E+07 8.048700610E-02 1.734879462E-08 6.483184999E+00 6.937074034E+07
 9.236549176E+07 7.359993825E-02 1.591875191E-08 6.234103941E+00 6.959670174E+07
 9.278049557E+07 6.725286255E-02 1.460166775E-08 5.985022882E+00 6.983126370E+07
 9.319549938E+07 6.146569295E-02 1.338904788E-08 5.735941824E+00 7.007515735E+07
 9.361050318E+07 5.613812492E-02 1.227300065E-08 5.486860766E+00 7.032923763E+07
 9.402550699E+07 5.127018185E-02 1.124619723E-08 5.237779708E+00 7.059436676E+07
 9.444051080E+07 4.678909533E-02 1.030183419E-08 4.988698650E+00 7.087161412E+07
 9.485551461E+07 4.270785401E-02 9.433598379E-09 4.739617592E+00 7.116217849E+07
 9.527051841E+07 3.894366802E-02 8.635633929E-09 4.490536533E+00 7.146746937E+07
 9.568552222E+07 3.553931187E-02 7.902511290E-09 4.241455475E+00 7.178912003E+07
 9.610052603E+07 3.239319708E-02 7.229198209E-09 3.992374417E+00 7.212905853E+07
 9.651552984E+07 2.952244943E-02 6.611032508E-09 3.743293359E+00 7.248955783E+07
 9.693053364E+07 2.689800087E-02 6.043696580E-09 3.494212301E+00 7.287336850E+07
 9.734553745E+07 2.448219003E-02 5.523193511E-09 3.245131242E+00 7.328393167E+07
 9.776054126E+07 2.231179531E-02 5.045824717E-09 2.996050184E+00 7.372530753E+07
 9.817554507E+07 2.028801100E-02 4.608169032E-09 2.746969126E+00 7.420274274E+07
 9.859054887E+07 1.847666254E-02 4.207063146E-09 2.497888068E+00 7.472289915E+07
 9.900555268E+07 1.679898015E-02 3.839583316E-09 2.248807010E+00 7.529455760E+07
 9.942055649E+07 1.528536708E-02 3.503028291E-09 1.999725952E+00 7.592949041E+07
 9.983556030E+07 1.390487877E-02 3.194903351E-09 1.750644893E+00 7.664407339E+07
 1.002505641E+08 1.263088986E-02 2.912905424E-09 1.501563835E+00 7.746219043E+07
 1.006655679E+08 1.150409223E-02 2.654909191E-09 1.252482777E+00 7.842054602E+07
 1.010805717E+08 1.040376172E-02 2.418954133E-09 1.003401719E+00 7.957987361E+07
 1.014955755E+08 9.470523106E-03 2.203232454E-09 7.543206606E-01 8.105279440E+07
 1.019105793E+08 8.600547326E-03 2.006077836E-09 5.052396024E-01 8.308727481E+07
 1.023255831E+08 7.802371159E-03 1.825954960E-09 2.561585442E-01 8.644835059E+07
 1.027405870E+08 7.077486047E-03 1.661449755E-09 7.077486047E-03 1.027405880E+08
 1.028113618E+08 7.006711187E-03 1.000000000E-09 7.006711187E-03 1.028113617E+08
 1.028821367E+08 6.935936326E-03 1.000000000E-09 6.935936326E-03 1.028821367E+08
 1.029529115E+08 6.865161466E-03 1.000000000E-09 6.865161466E-03 1.029529600E+08
 1.030236864E+08 6.794386605E-03 1.000000000E-09 6.794386605E-03 1.030236160E+08
 1.030944613E+08 6.723611745E-03 1.000000000E-09 6.723611745E-03 1.030944610E+08
 1.031652361E+08 6.652836884E-03 1.000000000E-09 6.652836884E-03 1.031651840E+08
 1.032360110E+08 6.582062024E-03 1.000000000E-09 6.582062024E-03 1.032360110E+08
 1.033067858E+08 6.511287163E-03 1.000000000E-09 6.511287163E-03 1.033067870E+08
 1.033775607E+08 6.440512303E-03 1.000000000E-09 6.440512303E-03 1.033775607E+08
 1.034483356E+08 6.369737442E-03 1.000000000E-09 6.369737442E-03 1.034483360E+08
 1.035191104E+08 6.298962582E-03 1.000000000E-09 6.298962582E-03 1.035191100E+08
 1.035898853E+08 6.228187722E-03 1.000000000E-09 6.228187722E-03 1.035898853E+08
 1.036606601E+08 6.157412861E-03 1.000000000E-09 6.157412861E-03 1.036606600E+08
 1.037314350E+08 6.086638001E-03 1.000000000E-09 6.086638001E-03 1.037314340E+08
 1.038022099E+08 6.015863140E-03 1.000000000E-09 6.015863140E-03 1.038022080E+08
 1.038729847E+08 5.945088280E-03 1.000000000E-09 5.945088280E-03 1.038729760E+08
 1.039437596E+08 5.874313419E-03 1.000000000E-09 5.874313419E-03 1.039437596E+08
 1.040145344E+08 5.803538559E-03 1.000000000E-09 5.803538559E-03 1.040145344E+08
 1.040853093E+08 5.732763698E-03 1.000000000E-09 5.732763698E-03 1.040853070E+08
 1.041560842E+08 5.661988838E-03 1.000000000E-09 5.661988838E-03 1.041560842E+08
 1.042268590E+08 5.591213977E-03 1.000000000E-09 5.591213977E-03 1.042268590E+08
 1.042976339E+08 5.520439117E-03 1.000000000E-09 5.520439117E-03 1.042977280E+08
 1.043684087E+08 5.449664256E-03 1.000000000E-09 5.449664256E-03 1.043684160E+08
 1.044391836E+08 5.378889396E-03 1.000000000E-09 5.378889396E-03 1.044391840E+08
 1.045099585E+08 5.308114535E-03 1.000000000E-09 5.308114535E-03 1.045099585E+08
 1.045807333E+08 5.237339675E-03 1.000000000E-09 5.237339675E-03 1.045807987E+08
 1.046515082E+08 5.166564814E-03 1.000000000E-09 5.166564814E-03 1.046515082E+08
 1.047222830E+08 5.095789954E-03 1.000000000E-09 5.095789954E-03 1.047223575E+08
 1.047930579E+08 5.025015093E-03 1.000000000E-09 5.025015093E-03 1.047930720E+08
 1.048638328E+08 4.954240233E-03 1.000000000E-09 4.954240233E-03 1.048638328E+08
 1.049346076E+08 4.883465373E-03 1.000000000E-09 4.883465373E-03 1.049346560E+08
 1.050053825E+08 4.812690512E-03 1.000000000E-09 4.812690512E-03 1.050053810E+08
 1.050761573E+08 4.741915652E-03 1.000000000E-09 4.741915652E-03 1.050762240E+08
 1.051469322E+08 4.671140791E-03 1.000000000E-09 4.671140791E-03 1.051469461E+08
 1.052177071E+08 4.600365931E-03 1.000000000E-09 4.600365931E-03 1.052177070E+08
 1.052884819E+08 4.529591070E-03 1.000000000E-09 4.529591070E-03 1.052884800E+08
 1.053592568E+08 4.458816210E-03 1.000000000E-09 4.458816210E-03 1.053592568E+08
 1.054300316E+08 4.388041349E-03 1.000000000E-09 4.388041349E-03 1.054300160E+08
 1.055008065E+08 4.317266489E-03 1.000000000E-09 4.317266489E-03 1.055008065E+08
 1.055715814E+08 4.246491628E-03 1.000000000E-09 4.246491628E-03 1.055715810E+08
 1.056423562E+08 4.175716768E-03 1.000000000E-09 4.175716768E-03 1.056423562E+08
 1.057131311E+08 4.104941907E-03 1.000000000E-09 4.104941907E-03 1.057131360E+08
 1.057839060E+08 4.034167047E-03 1.000000000E-09 4.034167047E-03 1.057839060E+08
 1.058546808E+08 3.963392186E-03 1.000000000E-09 3.963392186E-03 1.058546810E+08
 1.059254557E+08 3.892617326E-03 1.000000000E-09 3.892617326E-03 1.059254557E+08
 1.059962305E+08 3.821842465E-03 1.000000000E-09 3.821842465E-03 1.059962560E+08
 1.060670054E+08 3.751067605E-03 1.000000000E-09 3.751067605E-03 1.060670050E+08
 1.061377803E+08 3.680292745E-03 1.000000000E-09 3.680292745E-03 1.061377920E+08
 1.062085551E+08 3.609517884E-03 1.000000000E-09 3.609517884E-03 1.062085551E+08
 1.062793300E+08 3.538743024E-03 1.000000000E-09 3.538743024E-03 1.062793310E+08
 1.063501048E+08 3.467968163E-03 1.000000000E-09 3.467968163E-03 1.063501048E+08
 1.064208797E+08 3.397193303E-03 1.000000000E-09 3.397193303E-03 1.064208796E+08
 1.064916546E+08 3.326418442E-03 1.000000000E-09 3.326418442E-03 1.064916560E+08
 1.065624294E+08 3.255643582E-03 1.000000000E-09 3.255643582E-03 1.065624300E+08
 1.066332043E+08 3.184868721E-03 1.000000000E-09 3.184868721E-03 1.066332043E+08
 1.067039791E+08 3.114093861E-03 1.000000000E-09 3.114093861E-03 1.067039810E+08
 1.067747540E+08 3.043319000E-03 1.000000000E-09 3.043319000E-03 1.067747540E+08
 1.068455289E+08 2.972544140E-03 1.000000000E-09 2.972544140E-03 1.068455324E+08
 1.069163037E+08 2.901769279E-03 1.000000000E-09 2.901769279E-03 1.069163040E+08
 1.069870786E+08 2.830994419E-03 1.000000000E-09 2.830994419E-03 1.069871622E+08
 1.070578534E+08 2.760219558E-03 1.000000000E-09 2.760219558E-03 1.070578534E+08
 1.071286283E+08 2.689444698E-03 1.000000000E-09 2.689444698E-03 1.071286283E+08
 1.071994032E+08 2.618669837E-03 1.000000000E-09 2.618669837E-03 1.071994032E+08
 1.072701780E+08 2.547894977E-03 1.000000000E-09 2.547894977E-03 1.072701785E+08
 1.073409529E+08 2.477120117E-03 1.000000000E-09 2.477120117E-03 1.073409600E+08
 1.074117277E+08 2.406345256E-03 1.000000000E-09 2.406345256E-03 1.074117277E+08
 1.074825026E+08 2.335570396E-03 1.000000000E-09 2.335570396E-03 1.074825030E+08
 1.075532775E+08 2.264795535E-03 1.000000000E-09 2.264795535E-03 1.075532800E+08
 1.076240523E+08 2.194020675E-03 1.000000000E-09 2.194020675E-03 1.076240523E+08
 1.076948272E+08 2.123245814E-03 1.000000000E-09 2.123245814E-03 1.076948272E+08
 1.077656020E+08 2.052470954E-03 1.000000000E-09 2.052470954E-03 1.077656271E+08
 1.078363769E+08 1.981696093E-03 1.000000000E-09 1.981696093E-03 1.078363769E+08
 1.079071518E+08 1.910921233E-03 1.000000000E-09 1.910921233E-03 1.079071519E+08
 1.079779266E+08 1.840146372E-03 1.000000000E-09 1.840146372E-03 1.079780298E+08
 1.080487015E+08 1.769371512E-03 1.000000000E-09 1.769371512E-03 1.080486400E+08
 1.081194763E+08 1.698596651E-03 1.000000000E-09 1.698596651E-03 1.081194822E+08
 1.081902512E+08 1.627821791E-03 1.000000000E-09 1.627821791E-03 1.081902080E+08
 1.082610261E+08 1.557046930E-03 1.000000000E-09 1.557046930E-03 1.082610865E+08
 1.083318009E+08 1.486272070E-03 1.000000000E-09 1.486272070E-03 1.083318009E+08
 1.084025758E+08 1.415497209E-03 1.000000000E-09 1.415497209E-03 1.084025758E+08
 1.084733506E+08 1.344722349E-03 1.000000000E-09 1.344722349E-03 1.084733600E+08
 1.085441255E+08 1.273947488E-03 1.000000000E-09 1.273947488E-03 1.085441254E+08
 1.086149004E+08 1.203172628E-03 1.000000000E-09 1.203172628E-03 1.086149004E+08
 1.086856752E+08 1.132397768E-03 1.000000000E-09 1.132397768E-03 1.086856752E+08
 1.087564501E+08 1.061622907E-03 1.000000000E-09 1.061622907E-03 1.087564500E+08
 1.088272250E+08 9.908480466E-04 1.000000000E-09 9.908480466E-04 1.088272160E+08
 1.088979998E+08 9.200731861E-04 1.000000000E-09 9.200731861E-04 1.088980480E+08
 1.089687747E+08 8.492983257E-04 1.000000000E-09 8.492983257E-04 1.089687750E+08
 1.090395495E+08 7.785234652E-04 1.000000000E-09 7.785234652E-04 1.090395495E+08
 1.091103244E+08 7.077486047E-04 1.000000000E-09 7.077486047E-04 1.091103040E+08
 1.091810993E+08 6.369737442E-04 1.000000000E-09 6.369737442E-04 1.091810993E+08
 1.092518741E+08 5.661988838E-04 1.000000000E-09 5.661988838E-04 1.092518720E+08
 1.093226490E+08 4.954240233E-04 1.000000000E-09 4.954240233E-04 1.093226560E+08
 1.093934238E+08 4.246491628E-04 1.000000000E-09 4.246491628E-04 1.093934240E+08
 1.094641987E+08 3.538743024E-04 1.000000000E-09 3.538743024E-04 1.094642046E+08
 1.095349736E+08 2.830994419E-04 1.000000000E-09 2.830994419E-04 1.095349760E+08
 1.096057484E+08 2.123245814E-04 1.000000000E-09 2.123245814E-04 1.096057600E+08
 1.096765233E+08 1.415497209E-04 1.000000000E-09 1.415497209E-04 1.096765240E+08
 1.097472981E+08 7.077486047E-05 1.000000000E-09 7.077486047E-05 1.097472000E+08
