DENSITY AND THICKNESS DATA OF THE ATMOSPHERE AT AN ZENITH ANGLE OF 87.0 DEGREES
 0.000000000E+00 1.538097327E+04 1.229805824E-03 1.538097327E+04 1.862645149E-09
 6.925906751E+04 1.529592814E+04 1.225325567E-03 1.531040571E+04 5.756453625E+04
 1.385181350E+05 1.521146705E+04 1.220852410E-03 1.523983814E+04 1.150788823E+05
 2.077772025E+05 1.512676353E+04 1.216386395E-03 1.516927058E+04 1.729891659E+05
 2.770362700E+05 1.504292369E+04 1.211927564E-03 1.509870301E+04 2.310807971E+05
 3.462953375E+05 1.495848937E+04 1.207475956E-03 1.502813544E+04 2.891190426E+05
 4.155544050E+05 1.487560821E+04 1.203031614E-03 1.495756788E+04 3.470512482E+05
 4.848134726E+05 1.479241071E+04 1.198594577E-03 1.488700031E+04 4.061845486E+05
 5.540725401E+05 1.470951938E+04 1.194164886E-03 1.481643275E+04 4.647594120E+05
 6.233316076E+05 1.462695701E+04 1.189742579E-03 1.474586518E+04 5.232292578E+05
 6.925906751E+05 1.454467736E+04 1.185327698E-03 1.467529761E+04 5.827051642E+05
 7.618497426E+05 1.446270382E+04 1.180920281E-03 1.460473005E+04 6.420594496E+05
 8.311088101E+05 1.438103335E+04 1.176520366E-03 1.453416248E+04 7.010800216E+05
 9.003678776E+05 1.429994163E+04 1.172127993E-03 1.446359492E+04 7.611029484E+05
 9.696269451E+05 1.421825993E+04 1.167743199E-03 1.439302735E+04 8.210227463E+05
 1.038886013E+06 1.413812226E+04 1.163366023E-03 1.432245978E+04 8.806096607E+05
 1.108145080E+06 1.405766477E+04 1.158996502E-03 1.425189222E+04 9.414463075E+05
 1.177404148E+06 1.397750772E+04 1.154634673E-03 1.418132465E+04 1.001711944E+06
 1.246663215E+06 1.389765233E+04 1.150280574E-03 1.411075709E+04 1.061880284E+06
 1.315922283E+06 1.381816938E+04 1.145934240E-03 1.404018952E+04 1.123304264E+06
 1.385181350E+06 1.373864537E+04 1.141595709E-03 1.396962195E+04 1.184162636E+06
 1.454440418E+06 1.366006027E+04 1.137265016E-03 1.389905439E+04 1.245457366E+06
 1.523699485E+06 1.358140401E+04 1.132942197E-03 1.382848682E+04 1.306493840E+06
 1.592958553E+06 1.350304753E+04 1.128627287E-03 1.375791926E+04 1.368483635E+06
 1.662217620E+06 1.342498773E+04 1.124320322E-03 1.368735169E+04 1.430480088E+06
 1.731476688E+06 1.334750010E+04 1.120021336E-03 1.361678412E+04 1.492359812E+06
 1.800735755E+06 1.326941700E+04 1.115730364E-03 1.354621656E+04 1.554926328E+06
 1.869994823E+06 1.319286949E+04 1.111447439E-03 1.347564899E+04 1.617225645E+06
 1.939253890E+06 1.311599667E+04 1.107172595E-03 1.340508143E+04 1.679978130E+06
 2.008512958E+06 1.303941778E+04 1.102905867E-03 1.333451386E+04 1.742946052E+06
 2.077772025E+06 1.296341012E+04 1.098647287E-03 1.326394629E+04 1.806136613E+06
 2.147031093E+06 1.288716677E+04 1.094396888E-03 1.319337873E+04 1.869541787E+06
 2.216290160E+06 1.281174475E+04 1.090154703E-03 1.312281116E+04 1.932873137E+06
 2.285549228E+06 1.273572045E+04 1.085920763E-03 1.305224360E+04 1.997018758E+06
 2.354808295E+06 1.266010517E+04 1.081695102E-03 1.298167603E+04 2.060531797E+06
 2.424067363E+06 1.258640951E+04 1.077477749E-03 1.291110846E+04 2.125416485E+06
 2.493326430E+06 1.251188632E+04 1.073268738E-03 1.284054090E+04 2.189697805E+06
 2.562585498E+06 1.243792375E+04 1.069068098E-03 1.276997333E+04 2.254709941E+06
 2.631844565E+06 1.236370092E+04 1.064875860E-03 1.269940577E+04 2.319454639E+06
 2.701103633E+06 1.229031624E+04 1.060692055E-03 1.262883820E+04 2.383819369E+06
 2.770362700E+06 1.221694602E+04 1.056516713E-03 1.255827063E+04 2.450151925E+06
 2.839621768E+06 1.214395659E+04 1.052349863E-03 1.248770307E+04 2.516118832E+06
 2.908880835E+06 1.207116226E+04 1.048191536E-03 1.241713550E+04 2.581813211E+06
 2.978139903E+06 1.199865494E+04 1.044041759E-03 1.234656794E+04 2.648263557E+06
 3.047398970E+06 1.192671083E+04 1.039900563E-03 1.227600037E+04 2.714446869E+06
 3.116658038E+06 1.185415225E+04 1.035767974E-03 1.220543280E+04 2.781392216E+06
 3.185917105E+06 1.178313026E+04 1.031644023E-03 1.213486524E+04 2.848160318E+06
 3.255176173E+06 1.171176504E+04 1.027528736E-03 1.206429767E+04 2.915613269E+06
 3.324435240E+06 1.164068389E+04 1.023422140E-03 1.199373011E+04 2.982801580E+06
 3.393694308E+06 1.157016285E+04 1.019324265E-03 1.192316254E+04 3.050769688E+06
 3.462953375E+06 1.149902492E+04 1.015235135E-03 1.185259497E+04 3.118144439E+06
 3.532212443E+06 1.142943693E+04 1.011154778E-03 1.178202741E+04 3.186973091E+06
 3.601471510E+06 1.135948576E+04 1.007083221E-03 1.171145984E+04 3.255469572E+06
 3.670730578E+06 1.128981566E+04 1.003020489E-03 1.164089228E+04 3.324234106E+06
 3.739989645E+06 1.122070254E+04 9.989666082E-04 1.157032471E+04 3.393537508E+06
 3.809248713E+06 1.115097008E+04 9.949216037E-04 1.149975714E+04 3.462240588E+06
 3.878507780E+06 1.108276610E+04 9.908855009E-04 1.142918958E+04 3.532453998E+06
 3.947766848E+06 1.101421394E+04 9.868583245E-04 1.135862201E+04 3.602318473E+06
 4.017025915E+06 1.094593981E+04 9.828400991E-04 1.128805445E+04 3.672464664E+06
 4.086284983E+06 1.087821844E+04 9.788308488E-04 1.121748688E+04 3.743167659E+06
 4.155544050E+06 1.081049755E+04 9.748305976E-04 1.114691931E+04 3.813885712E+06
 4.224803118E+06 1.074285942E+04 9.708393691E-04 1.107635175E+04 3.884899804E+06
 4.294062185E+06 1.067598500E+04 9.668571865E-04 1.100578418E+04 3.956476864E+06
 4.363321253E+06 1.060909107E+04 9.628840730E-04 1.093521661E+04 4.028075826E+06
 4.432580321E+06 1.054212159E+04 9.589200512E-04 1.086464905E+04 4.099973347E+06
 4.501839388E+06 1.047640030E+04 9.549651434E-04 1.079408148E+04 4.172451503E+06
 4.571098456E+06 1.041033179E+04 9.510193719E-04 1.072351392E+04 4.245060274E+06
 4.640357523E+06 1.034453033E+04 9.470827583E-04 1.065294635E+04 4.317874565E+06
 4.709616591E+06 1.027927609E+04 9.431553243E-04 1.058237878E+04 4.391001574E+06
 4.778875658E+06 1.021339659E+04 9.392370910E-04 1.051181122E+04 4.464725544E+06
 4.848134726E+06 1.014902885E+04 9.353280794E-04 1.044124365E+04 4.538771402E+06
 4.917393793E+06 1.008433299E+04 9.314283100E-04 1.037067609E+04 4.612858800E+06
 4.986652861E+06 1.001988377E+04 9.275378032E-04 1.030010852E+04 4.687267483E+06
 5.055911928E+06 9.955976460E+03 9.236565789E-04 1.022954095E+04 4.762292231E+06
 5.125170996E+06 9.891017774E+03 9.197846570E-04 1.015897339E+04 4.837652186E+06
 5.194430063E+06 9.828417756E+03 9.159220568E-04 1.008840582E+04 4.913081550E+06
 5.263689131E+06 9.765318290E+03 9.120687976E-04 1.001783826E+04 4.988828352E+06
 5.332948198E+06 9.701584417E+03 9.082248980E-04 9.947270691E+03 5.065208963E+06
 5.402207266E+06 9.639354307E+03 9.043903768E-04 9.876703125E+03 5.140728908E+06
 5.471466333E+06 9.577046956E+03 9.005652521E-04 9.806135559E+03 5.219027127E+06
 5.540725401E+06 9.514103806E+03 8.967495420E-04 9.735567993E+03 5.296176080E+06
 5.609984468E+06 9.452760605E+03 8.929432641E-04 9.665000427E+03 5.373302531E+06
 5.679243536E+06 9.390965465E+03 8.891464358E-04 9.594432860E+03 5.451467892E+06
 5.748502603E+06 9.329432647E+03 8.853590742E-04 9.523865294E+03 5.530380730E+06
 5.817761671E+06 9.268437235E+03 8.815811961E-04 9.453297728E+03 5.609391728E+06
 5.887020738E+06 9.207425581E+03 8.778128181E-04 9.382730162E+03 5.688679823E+06
 5.956279806E+06 9.146679931E+03 8.740539564E-04 9.312162596E+03 5.768043129E+06
 6.025538873E+06 9.086463801E+03 8.703046270E-04 9.241595030E+03 5.848097752E+06
 6.094797941E+06 9.025610574E+03 8.665648455E-04 9.171027464E+03 5.927852654E+06
 6.164057008E+06 8.966255114E+03 8.628346274E-04 9.100459898E+03 6.008871037E+06
 6.233316076E+06 8.906813129E+03 8.591139876E-04 9.029892332E+03 6.090323992E+06
 6.302575143E+06 8.846751068E+03 8.554029411E-04 8.959324766E+03 6.171971393E+06
 6.371834211E+06 8.788167712E+03 8.517015024E-04 8.888757200E+03 6.254028048E+06
 6.441093278E+06 8.729495290E+03 8.480096857E-04 8.818189634E+03 6.336525976E+06
 6.510352346E+06 8.670524673E+03 8.443275051E-04 8.747622068E+03 6.419418555E+06
 6.579611413E+06 8.612356026E+03 8.406549742E-04 8.677054502E+03 6.502737898E+06
 6.648870481E+06 8.554173537E+03 8.369921064E-04 8.606486936E+03 6.586486775E+06
 6.718129548E+06 8.495889565E+03 8.333389149E-04 8.535919370E+03 6.670678059E+06
 6.787388616E+06 8.438829464E+03 8.296954125E-04 8.465351804E+03 6.755304720E+06
 6.856647683E+06 8.381673600E+03 8.260616119E-04 8.394784238E+03 6.840379874E+06
 6.925906751E+06 8.324216672E+03 8.224375253E-04 8.324216672E+03 6.925906751E+06
 7.011777879E+06 8.253414240E+03 8.216607600E-04 8.272213056E+03 6.988319714E+06
 7.097649008E+06 8.183047258E+03 8.165848979E-04 8.220209439E+03 7.052703016E+06
 7.183520136E+06 8.113129296E+03 8.115297445E-04 8.168205823E+03 7.115647858E+06
 7.269391265E+06 8.043629195E+03 8.064953041E-04 8.116202206E+03 7.179773980E+06
 7.355262393E+06 7.974560603E+03 8.014815801E-04 8.064198590E+03 7.244182922E+06
 7.441133522E+06 7.905920370E+03 7.964885752E-04 8.012194973E+03 7.308021633E+06
 7.527004650E+06 7.837710833E+03 7.915162911E-04 7.960191356E+03 7.373015133E+06
 7.612875779E+06 7.769923376E+03 7.865647289E-04 7.908187740E+03 7.438317284E+06
 7.698746907E+06 7.702560338E+03 7.816338887E-04 7.856184123E+03 7.503936463E+06
 7.784618036E+06 7.635618596E+03 7.767237697E-04 7.804180507E+03 7.569867129E+06
 7.870489164E+06 7.569335024E+03 7.718343706E-04 7.752176890E+03 7.635219937E+06
 7.956360293E+06 7.503230500E+03 7.669656890E-04 7.700173274E+03 7.701768738E+06
 8.042231421E+06 7.437543305E+03 7.621177218E-04 7.648169657E+03 7.768642628E+06
 8.128102550E+06 7.372270296E+03 7.572904651E-04 7.596166041E+03 7.834981968E+06
 8.213973678E+06 7.307413791E+03 7.524839143E-04 7.544162424E+03 7.903709364E+06
 8.299844807E+06 7.242965214E+03 7.476980639E-04 7.492158808E+03 7.970644334E+06
 8.385715935E+06 7.178926887E+03 7.429329076E-04 7.440155191E+03 8.038843004E+06
 8.471587064E+06 7.115295703E+03 7.381884383E-04 7.388151575E+03 8.107384712E+06
 8.557458192E+06 7.052802794E+03 7.334646484E-04 7.336147958E+03 8.175369400E+06
 8.643329321E+06 6.989263579E+03 7.287615292E-04 7.284144342E+03 8.245519629E+06
 8.729200449E+06 6.927554259E+03 7.240790713E-04 7.232140725E+03 8.314169131E+06
 8.815071578E+06 6.864828184E+03 7.194172648E-04 7.180137109E+03 8.384105317E+06
 8.900942706E+06 6.803911336E+03 7.147760987E-04 7.128133492E+03 8.454404369E+06
 8.986813835E+06 6.741991377E+03 7.101555615E-04 7.076129876E+03 8.525090971E+06
 9.072684963E+06 6.681854131E+03 7.055556409E-04 7.024126259E+03 8.596130443E+06
 9.158556092E+06 6.620774805E+03 7.009763239E-04 6.972122643E+03 8.667547268E+06
 9.244427220E+06 6.561431582E+03 6.964175966E-04 6.920119026E+03 8.739343950E+06
 9.330298349E+06 6.501776277E+03 6.918794446E-04 6.868115410E+03 8.810554583E+06
 9.416169477E+06 6.442508638E+03 6.873618526E-04 6.816111793E+03 8.884102869E+06
 9.502040606E+06 6.383631146E+03 6.828648047E-04 6.764108177E+03 8.956063920E+06
 9.587911734E+06 6.325135060E+03 6.783882843E-04 6.712104560E+03 9.029414528E+06
 9.673782863E+06 6.267022816E+03 6.739322741E-04 6.660100944E+03 9.103168842E+06
 9.759653991E+06 6.209291305E+03 6.694967560E-04 6.608097327E+03 9.177416803E+06
 9.845525120E+06 6.151953623E+03 6.650817114E-04 6.556093711E+03 9.251996631E+06
 9.931396248E+06 6.094979601E+03 6.606871207E-04 6.504090094E+03 9.326997355E+06
 1.001726738E+07 6.039098242E+03 6.563129640E-04 6.452086478E+03 9.402422215E+06
 1.010313851E+07 5.982159080E+03 6.519592205E-04 6.400082861E+03 9.477278531E+06
 1.018900963E+07 5.927014812E+03 6.476258688E-04 6.348079245E+03 9.554574485E+06
 1.027488076E+07 5.870832044E+03 6.433128868E-04 6.296075628E+03 9.630285582E+06
 1.036075189E+07 5.816412055E+03 6.390202518E-04 6.244072012E+03 9.708490026E+06
 1.044662302E+07 5.760979475E+03 6.347479403E-04 6.192068395E+03 9.785082086E+06
 1.053249415E+07 5.706644266E+03 6.304959284E-04 6.140064779E+03 9.864241735E+06
 1.061836528E+07 5.653555101E+03 6.262641915E-04 6.088061162E+03 9.941739566E+06
 1.070423640E+07 5.599198813E+03 6.220527041E-04 6.036057546E+03 1.002183523E+07
 1.079010753E+07 5.546595273E+03 6.178614403E-04 5.984053929E+03 1.010026940E+07
 1.087597866E+07 5.493657653E+03 6.136903737E-04 5.932050313E+03 1.018134797E+07
 1.096184979E+07 5.441073561E+03 6.095394771E-04 5.880046696E+03 1.026074782E+07
 1.104772092E+07 5.388845606E+03 6.054087226E-04 5.828043080E+03 1.034282494E+07
 1.113359205E+07 5.336970667E+03 6.012980820E-04 5.776039463E+03 1.042322228E+07
 1.121946318E+07 5.285462062E+03 5.972075261E-04 5.724035847E+03 1.050529528E+07
 1.130533430E+07 5.234289292E+03 5.931370255E-04 5.672032230E+03 1.058818712E+07
 1.139120543E+07 5.183465802E+03 5.890865500E-04 5.620028614E+03 1.067124401E+07
 1.147707656E+07 5.132988564E+03 5.850560688E-04 5.568024997E+03 1.075483935E+07
 1.156294769E+07 5.083564977E+03 5.810455506E-04 5.516021381E+03 1.083897914E+07
 1.164881882E+07 5.033071310E+03 5.770549635E-04 5.464017764E+03 1.092482906E+07
 1.173468995E+07 4.984314006E+03 5.730842750E-04 5.412014148E+03 1.100893428E+07
 1.182056107E+07 4.935260154E+03 5.691334522E-04 5.360010531E+03 1.109590605E+07
 1.190643220E+07 4.886482985E+03 5.652024615E-04 5.308006915E+03 1.118117056E+07
 1.199230333E+07 4.838043226E+03 5.612912687E-04 5.256003298E+03 1.126932354E+07
 1.207817446E+07 4.789937850E+03 5.573998391E-04 5.203999682E+03 1.135691307E+07
 1.216404559E+07 4.742169273E+03 5.535281376E-04 5.151996065E+03 1.144510923E+07
 1.224991672E+07 4.694728984E+03 5.496761284E-04 5.099992449E+03 1.153392898E+07
 1.233578785E+07 4.648338225E+03 5.458437752E-04 5.047988832E+03 1.162337114E+07
 1.242165897E+07 4.600837616E+03 5.420310413E-04 4.995985216E+03 1.171467219E+07
 1.250753010E+07 4.555098317E+03 5.382378894E-04 4.943981599E+03 1.180418423E+07
 1.259340123E+07 4.508266044E+03 5.344642816E-04 4.891977983E+03 1.189687133E+07
 1.267927236E+07 4.463143494E+03 5.307101797E-04 4.839974366E+03 1.198891859E+07
 1.276514349E+07 4.417652626E+03 5.269755447E-04 4.787970750E+03 1.208164778E+07
 1.285101462E+07 4.372478323E+03 5.232603375E-04 4.735967133E+03 1.217507839E+07
 1.293688575E+07 4.327623161E+03 5.195645181E-04 4.683963517E+03 1.226921115E+07
 1.302275687E+07 4.283084137E+03 5.158880464E-04 4.631959900E+03 1.236530879E+07
 1.310862800E+07 4.239096740E+03 5.122308816E-04 4.579956284E+03 1.246089888E+07
 1.319449913E+07 4.195183069E+03 5.085929824E-04 4.527952667E+03 1.255720874E+07
 1.328037026E+07 4.151581997E+03 5.049743072E-04 4.475949051E+03 1.265559328E+07
 1.336624139E+07 4.108290557E+03 5.013748138E-04 4.423945434E+03 1.275341650E+07
 1.345211252E+07 4.066018239E+03 4.977944596E-04 4.371941818E+03 1.285202231E+07
 1.353798364E+07 4.022635378E+03 4.942332016E-04 4.319938201E+03 1.295143468E+07
 1.362385477E+07 3.980952052E+03 4.906909962E-04 4.267934585E+03 1.305166741E+07
 1.370972590E+07 3.938889925E+03 4.871677995E-04 4.215930968E+03 1.315450701E+07
 1.379559703E+07 3.897114942E+03 4.836635671E-04 4.163927352E+03 1.325638029E+07
 1.388146816E+07 3.855641282E+03 4.801782544E-04 4.111923735E+03 1.335912319E+07
 1.396733929E+07 3.814465962E+03 4.767118159E-04 4.059920119E+03 1.346413402E+07
 1.405321042E+07 3.774309109E+03 4.732642061E-04 4.007916502E+03 1.356862847E+07
 1.413908154E+07 3.733009344E+03 4.698353790E-04 3.955912886E+03 1.367404805E+07
 1.422495267E+07 3.693417528E+03 4.664252881E-04 3.903909269E+03 1.378182548E+07
 1.431082380E+07 3.652727179E+03 4.630338865E-04 3.851905653E+03 1.388910511E+07
 1.439669493E+07 3.613756141E+03 4.596611271E-04 3.799902036E+03 1.399737162E+07
 1.448256606E+07 3.574330024E+03 4.563069621E-04 3.747898420E+03 1.410802767E+07
 1.456843719E+07 3.535191183E+03 4.529713436E-04 3.695894803E+03 1.421975176E+07
 1.465430832E+07 3.496342108E+03 4.496542231E-04 3.643891187E+03 1.433111495E+07
 1.474017944E+07 3.457774473E+03 4.463555519E-04 3.591887570E+03 1.444342605E+07
 1.482605057E+07 3.420195320E+03 4.430752809E-04 3.539883954E+03 1.455829095E+07
 1.491192170E+07 3.381488248E+03 4.398133606E-04 3.487880337E+03 1.467431454E+07
 1.499779283E+07 3.344461033E+03 4.365697410E-04 3.435876720E+03 1.478986773E+07
 1.508366396E+07 3.307005571E+03 4.333443720E-04 3.383873104E+03 1.490660591E+07
 1.516953509E+07 3.269826536E+03 4.301372031E-04 3.331869487E+03 1.502605696E+07
 1.525540621E+07 3.232926457E+03 4.269481832E-04 3.279865871E+03 1.514672306E+07
 1.534127734E+07 3.196297033E+03 4.237772613E-04 3.227862254E+03 1.526866413E+07
 1.542714847E+07 3.160644007E+03 4.206243857E-04 3.175858638E+03 1.539017013E+07
 1.551301960E+07 3.123855021E+03 4.174895046E-04 3.123855021E+03 1.551301960E+07
 1.581339608E+07 2.998143127E+03 4.109646463E-04 3.092847497E+03 1.558611732E+07
 1.611377256E+07 2.876921329E+03 3.962403868E-04 3.061839973E+03 1.565986310E+07
 1.641414904E+07 2.760055549E+03 3.819592699E-04 3.030832448E+03 1.573424713E+07
 1.671452552E+07 2.647413976E+03 3.681115296E-04 2.999824924E+03 1.580930550E+07
 1.701490200E+07 2.538875367E+03 3.546874699E-04 2.968817400E+03 1.588507796E+07
 1.731527848E+07 2.434299155E+03 3.416774710E-04 2.937809875E+03 1.596155245E+07
 1.761565496E+07 2.333569840E+03 3.290719946E-04 2.906802351E+03 1.603871875E+07
 1.791603144E+07 2.236567149E+03 3.168615891E-04 2.875794827E+03 1.611661551E+07
 1.821640792E+07 2.143174355E+03 3.050368953E-04 2.844787302E+03 1.619528569E+07
 1.851678440E+07 2.053276145E+03 2.935886504E-04 2.813779778E+03 1.627471749E+07
 1.881716087E+07 1.966761312E+03 2.825076929E-04 2.782772253E+03 1.635490159E+07
 1.911753735E+07 1.883520725E+03 2.717849669E-04 2.751764729E+03 1.643587981E+07
 1.941791383E+07 1.803450013E+03 2.614115255E-04 2.720757205E+03 1.651769832E+07
 1.971829031E+07 1.726441990E+03 2.513785347E-04 2.689749680E+03 1.660034676E+07
 2.001866679E+07 1.652397576E+03 2.416772772E-04 2.658742156E+03 1.668381604E+07
 2.031904327E+07 1.581229257E+03 2.322991549E-04 2.627734632E+03 1.676815172E+07
 2.061941975E+07 1.512819455E+03 2.232356919E-04 2.596727107E+03 1.685342507E+07
 2.091979623E+07 1.447085830E+03 2.144785375E-04 2.565719583E+03 1.693958513E+07
 2.122017271E+07 1.383937494E+03 2.060194683E-04 2.534712059E+03 1.702664619E+07
 2.152054919E+07 1.323289106E+03 1.978503903E-04 2.503704534E+03 1.711465676E+07
 2.182092567E+07 1.265045284E+03 1.899633411E-04 2.472697010E+03 1.720367113E+07
 2.212130215E+07 1.209143754E+03 1.823504912E-04 2.441689485E+03 1.729368246E+07
 2.242167863E+07 1.155477726E+03 1.750041460E-04 2.410681961E+03 1.738468488E+07
 2.272205511E+07 1.103979092E+03 1.679167466E-04 2.379674437E+03 1.747676526E+07
 2.302243159E+07 1.054581981E+03 1.610808715E-04 2.348666912E+03 1.756991848E+07
 2.332280807E+07 1.007190657E+03 1.544892366E-04 2.317659388E+03 1.766414097E+07
 2.362318455E+07 9.617434617E+02 1.481346969E-04 2.286651864E+03 1.775952416E+07
 2.392356103E+07 9.181700217E+02 1.420102462E-04 2.255644339E+03 1.785606565E+07
 2.422393751E+07 8.764041793E+02 1.361090182E-04 2.224636815E+03 1.795376407E+07
 2.452431399E+07 8.363763100E+02 1.304242859E-04 2.193629291E+03 1.805271797E+07
 2.482469046E+07 7.980349242E+02 1.249494623E-04 2.162621766E+03 1.815292497E+07
 2.512506694E+07 7.612970025E+02 1.196781000E-04 2.131614242E+03 1.825438765E+07
 2.542544342E+07 7.261224501E+02 1.146038908E-04 2.100606717E+03 1.835721013E+07
 2.572581990E+07 6.924330715E+02 1.097206655E-04 2.069599193E+03 1.846139606E+07
 2.602619638E+07 6.601822824E+02 1.050223934E-04 2.038591669E+03 1.856694923E+07
 2.632657286E+07 6.293228306E+02 1.005031813E-04 2.007584144E+03 1.867398293E+07
 2.662694934E+07 5.997873293E+02 9.615727315E-05 1.976576620E+03 1.878250365E+07
 2.692732582E+07 5.715317845E+02 9.197904875E-05 1.945569096E+03 1.889255706E+07
 2.722770230E+07 5.445175464E+02 8.796302296E-05 1.914561571E+03 1.900419011E+07
 2.752807878E+07 5.186749347E+02 8.410384450E-05 1.883554047E+03 1.911741479E+07
 2.782845526E+07 4.939789060E+02 8.039629478E-05 1.852546523E+03 1.923236525E+07
 2.812883174E+07 4.703639752E+02 7.683528654E-05 1.821538998E+03 1.934904494E+07
 2.842920822E+07 4.477988346E+02 7.341586250E-05 1.790531474E+03 1.946751764E+07
 2.872958470E+07 4.262381360E+02 7.013319388E-05 1.759523949E+03 1.958784350E+07
 2.902996118E+07 4.056542258E+02 6.698257883E-05 1.728516425E+03 1.971004503E+07
 2.933033766E+07 3.859973406E+02 6.395944086E-05 1.697508901E+03 1.983427080E+07
 2.963071414E+07 3.672192273E+02 6.105932713E-05 1.666501376E+03 1.996054956E+07
 2.993109062E+07 3.492940808E+02 5.827790673E-05 1.635493852E+03 2.008895593E+07
 3.023146710E+07 3.321866866E+02 5.561096888E-05 1.604486328E+03 2.021956801E+07
 3.053184358E+07 3.158801693E+02 5.305442109E-05 1.573478803E+03 2.035247059E+07
 3.083222006E+07 3.003193038E+02 5.060428730E-05 1.542471279E+03 2.048774738E+07
 3.113259653E+07 2.854687522E+02 4.825670596E-05 1.511463754E+03 2.062549315E+07
 3.143297301E+07 2.713079765E+02 4.600792802E-05 1.480456230E+03 2.076580614E+07
 3.173334949E+07 2.578109862E+02 4.385431500E-05 1.449448706E+03 2.090879143E+07
 3.203372597E+07 2.449515563E+02 4.179233697E-05 1.418441181E+03 2.105455908E+07
 3.233410245E+07 2.327013165E+02 3.981857048E-05 1.387433657E+03 2.120322821E+07
 3.263447893E+07 2.210307443E+02 3.792969652E-05 1.356426133E+03 2.135492464E+07
 3.293485541E+07 2.099049877E+02 3.612249845E-05 1.325418608E+03 2.150979793E+07
 3.323523189E+07 1.993202699E+02 3.439385991E-05 1.294411084E+03 2.166796311E+07
 3.353560837E+07 1.892430238E+02 3.274076273E-05 1.263403560E+03 2.182956941E+07
 3.383598485E+07 1.796426530E+02 3.116028482E-05 1.232396035E+03 2.199488039E+07
 3.413636133E+07 1.705150325E+02 2.964959807E-05 1.201388511E+03 2.216393745E+07
 3.443673781E+07 1.618306740E+02 2.820596626E-05 1.170380986E+03 2.233698994E+07
 3.473711429E+07 1.535603264E+02 2.682674294E-05 1.139373462E+03 2.251430600E+07
 3.503749077E+07 1.457047331E+02 2.550936933E-05 1.108365938E+03 2.269598899E+07
 3.533786725E+07 1.382355181E+02 2.425137225E-05 1.077358413E+03 2.288233926E+07
 3.563824373E+07 1.311324077E+02 2.305036205E-05 1.046350889E+03 2.307368879E+07
 3.593862021E+07 1.243743682E+02 2.190403050E-05 1.015343365E+03 2.327018890E+07
 3.623899669E+07 1.179630673E+02 2.081014881E-05 9.843358403E+02 2.347228746E+07
 3.653937317E+07 1.118728545E+02 1.976656552E-05 9.533283159E+02 2.368018872E+07
 3.683974965E+07 1.060776957E+02 1.877120453E-05 9.223207916E+02 2.389440863E+07
 3.714012613E+07 1.005954229E+02 1.782206309E-05 8.913132672E+02 2.411530150E+07
 3.744050260E+07 9.537238093E+01 1.691720983E-05 8.603057428E+02 2.434322391E+07
 3.774087908E+07 9.042317500E+01 1.605478279E-05 8.292982185E+02 2.457884337E+07
 3.804125556E+07 8.572656861E+01 1.523298752E-05 7.982906941E+02 2.482264506E+07
 3.834163204E+07 8.126066327E+01 1.445009516E-05 7.672831697E+02 2.507525993E+07
 3.864200852E+07 7.704475403E+01 1.370444056E-05 7.362756454E+02 2.533738439E+07
 3.894238500E+07 7.302641182E+01 1.299442045E-05 7.052681210E+02 2.560981409E+07
 3.924276148E+07 6.922431406E+01 1.231849160E-05 6.742605966E+02 2.589344364E+07
 3.954313796E+07 6.562401215E+01 1.167516905E-05 6.432530723E+02 2.618925853E+07
 3.984351444E+07 6.221030223E+01 1.106302433E-05 6.122455479E+02 2.649861126E+07
 4.014389092E+07 5.897612686E+01 1.048068376E-05 5.812380235E+02 2.682270775E+07
 4.044426740E+07 5.591194142E+01 9.926826711E-06 5.502304992E+02 2.716300517E+07
 4.074464388E+07 5.300992130E+01 9.400183996E-06 5.192229748E+02 2.752157219E+07
 4.104502036E+07 5.026362691E+01 8.899536192E-06 4.882154504E+02 2.790045845E+07
 4.134539684E+07 4.766211711E+01 8.423712065E-06 4.572079261E+02 2.830228129E+07
 4.164577332E+07 4.519965232E+01 7.971586995E-06 4.262004017E+02 2.873012208E+07
 4.194614980E+07 4.286981013E+01 7.542081452E-06 3.951928774E+02 2.918799662E+07
 4.224652628E+07 4.066516013E+01 7.134159493E-06 3.641853530E+02 2.968052217E+07
 4.254690276E+07 3.857596285E+01 6.746827301E-06 3.331778286E+02 3.021369867E+07
 4.284727924E+07 3.661465281E+01 6.379131754E-06 3.021703043E+02 3.079560853E+07
 4.314765572E+07 3.474985786E+01 6.030159027E-06 2.711627799E+02 3.143612340E+07
 4.344803219E+07 3.298724942E+01 5.699033234E-06 2.401552555E+02 3.214982090E+07
 4.374840867E+07 3.132100859E+01 5.384915100E-06 2.091477312E+02 3.295580004E+07
 4.404878515E+07 2.974631359E+01 5.087000662E-06 1.781402068E+02 3.388424688E+07
 4.434916163E+07 2.827079243E+01 4.804520012E-06 1.471326824E+02 3.498156963E+07
 4.464953811E+07 2.686569907E+01 4.536736066E-06 1.161251581E+02 3.632807855E+07
 4.494991459E+07 2.553893158E+01 4.282943374E-06 8.511763370E+01 3.808110963E+07
 4.525029107E+07 2.429605216E+01 4.042466953E-06 5.411010934E+01 4.062900544E+07
 4.555066755E+07 2.310258497E+01 3.814661162E-06 2.310258497E+01 4.555066755E+07
 4.594294223E+07 2.160584147E+01 3.697171616E-06 2.287162749E+01 4.560961883E+07
 4.633521692E+07 2.020021621E+01 3.471499937E-06 2.264067000E+01 4.566912968E+07
 4.672749160E+07 1.888061079E+01 3.258605604E-06 2.240971252E+01 4.572921127E+07
 4.711976628E+07 1.764210258E+01 3.057831537E-06 2.217875504E+01 4.578987508E+07
 4.751204097E+07 1.648009101E+01 2.868550227E-06 2.194779755E+01 4.585113296E+07
 4.790431565E+07 1.539016227E+01 2.690162659E-06 2.171684007E+01 4.591298718E+07
 4.829659033E+07 1.436815896E+01 2.522097263E-06 2.148588258E+01 4.597547272E+07
 4.868886501E+07 1.341018481E+01 2.363808890E-06 2.125492510E+01 4.603858765E+07
 4.908113970E+07 1.251244332E+01 2.214777809E-06 2.102396761E+01 4.610234538E+07
 4.947341438E+07 1.167142112E+01 2.074508735E-06 2.079301013E+01 4.616676237E+07
 4.986568906E+07 1.088379106E+01 1.942529871E-06 2.056205264E+01 4.623185527E+07
 5.025796375E+07 1.014640564E+01 1.818391988E-06 2.033109516E+01 4.629762875E+07
 5.065023843E+07 9.456191900E+00 1.701667519E-06 2.010013767E+01 4.636411347E+07
 5.104251311E+07 8.810430291E+00 1.591949687E-06 1.986918019E+01 4.643131758E+07
 5.143478779E+07 8.206379749E+00 1.488851652E-06 1.963822271E+01 4.649925743E+07
 5.182706248E+07 7.641533376E+00 1.392005685E-06 1.940726522E+01 4.656794664E+07
 5.221933716E+07 7.113516539E+00 1.301062368E-06 1.917630774E+01 4.663740181E+07
 5.261161184E+07 6.620049469E+00 1.215689817E-06 1.894535025E+01 4.670765560E+07
 5.300388653E+07 6.159059078E+00 1.135572931E-06 1.871439277E+01 4.677871374E+07
 5.339616121E+07 5.728503193E+00 1.060412666E-06 1.848343528E+01 4.685059007E+07
 5.378843589E+07 5.326478770E+00 9.899253279E-07 1.825247780E+01 4.692331599E+07
 5.418071057E+07 4.951276928E+00 9.238418954E-07 1.802152031E+01 4.699691537E+07
 5.457298526E+07 4.601159470E+00 8.619073632E-07 1.779056283E+01 4.707140434E+07
 5.496525994E+07 4.274536874E+00 8.038801079E-07 1.755960534E+01 4.714680551E+07
 5.535753462E+07 3.969998469E+00 7.495312772E-07 1.732864786E+01 4.722314238E+07
 5.574980930E+07 3.686044706E+00 6.986442011E-07 1.709769038E+01 4.730043936E+07
 5.614208399E+07 3.421459434E+00 6.510138241E-07 1.686673289E+01 4.737872186E+07
 5.653435867E+07 3.174894662E+00 6.064461599E-07 1.663577541E+01 4.745800522E+07
 5.692663335E+07 2.945284313E+00 5.647577654E-07 1.640481792E+01 4.753833910E+07
 5.731890804E+07 2.731454599E+00 5.257752360E-07 1.617386044E+01 4.761973485E+07
 5.771118272E+07 2.532450956E+00 4.893347205E-07 1.594290295E+01 4.770223490E+07
 5.810345740E+07 2.347233279E+00 4.552814548E-07 1.571194547E+01 4.778585438E+07
 5.849573208E+07 2.174969362E+00 4.234693149E-07 1.548098798E+01 4.787064534E+07
 5.888800677E+07 2.014755957E+00 3.937603880E-07 1.525003050E+01 4.795663203E+07
 5.928028145E+07 1.865779509E+00 3.660245615E-07 1.501907301E+01 4.804384573E+07
 5.967255613E+07 1.727342660E+00 3.401391289E-07 1.478811553E+01 4.813232607E+07
 6.006483082E+07 1.598708900E+00 3.159884127E-07 1.455715805E+01 4.822211952E+07
 6.045710550E+07 1.479216013E+00 2.934634040E-07 1.432620056E+01 4.831325511E+07
 6.084938018E+07 1.368272116E+00 2.724614167E-07 1.409524308E+01 4.840577481E+07
 6.124165486E+07 1.265281625E+00 2.528857581E-07 1.386428559E+01 4.849974189E+07
 6.163392955E+07 1.169677925E+00 2.346454136E-07 1.363332811E+01 4.859519112E+07
 6.202620423E+07 1.081028723E+00 2.176547454E-07 1.340237062E+01 4.869217183E+07
 6.241847891E+07 9.987776939E-01 2.018332060E-07 1.317141314E+01 4.879071996E+07
 6.281075360E+07 9.225106945E-01 1.871050636E-07 1.294045565E+01 4.889092568E+07
 6.320302828E+07 8.518556418E-01 1.733991415E-07 1.270949817E+01 4.899281476E+07
 6.359530296E+07 7.863717168E-01 1.606485686E-07 1.247854068E+01 4.909645521E+07
 6.398757764E+07 7.256999022E-01 1.487905434E-07 1.224758320E+01 4.920192742E+07
 6.437985233E+07 6.695416535E-01 1.377661073E-07 1.201662572E+01 4.930928668E+07
 6.477212701E+07 6.175022509E-01 1.275199310E-07 1.178566823E+01 4.941858714E+07
 6.516440169E+07 5.693636170E-01 1.180001100E-07 1.155471075E+01 4.952994293E+07
 6.555667638E+07 5.248272174E-01 1.091579706E-07 1.132375326E+01 4.964340357E+07
 6.594895106E+07 4.836560311E-01 1.009478859E-07 1.109279578E+01 4.975904928E+07
 6.634122574E+07 4.455771629E-01 9.332710084E-08 1.086183829E+01 4.987700156E+07
 6.673350042E+07 4.103700105E-01 8.625556615E-08 1.063088081E+01 4.999732773E+07
 6.712577511E+07 3.778375421E-01 7.969578099E-08 1.039992332E+01 5.012015090E+07
 6.751804979E+07 3.477626592E-01 7.361264364E-08 1.016896584E+01 5.024556931E+07
 6.791032447E+07 3.200252840E-01 6.797331006E-08 9.938008354E+00 5.037369909E+07
 6.830259916E+07 2.943974406E-01 6.274705992E-08 9.707050870E+00 5.050464105E+07
 6.869487384E+07 2.707506866E-01 5.790516977E-08 9.476093385E+00 5.063856980E+07
 6.908714852E+07 2.489213840E-01 5.342079302E-08 9.245135901E+00 5.077559887E+07
 6.947942320E+07 2.288098294E-01 4.926884640E-08 9.014178416E+00 5.091590162E+07
 6.987169789E+07 2.102236102E-01 4.542590268E-08 8.783220931E+00 5.105963108E+07
 7.026397257E+07 1.931206223E-01 4.187008922E-08 8.552263447E+00 5.120696863E+07
 7.065624725E+07 1.773352772E-01 3.858099223E-08 8.321305962E+00 5.135809592E+07
 7.104852193E+07 1.628113121E-01 3.553956629E-08 8.090348478E+00 5.151325154E+07
 7.144079662E+07 1.494088417E-01 3.272804906E-08 7.859390993E+00 5.167262286E+07
 7.183307130E+07 1.371034845E-01 3.012988078E-08 7.628433509E+00 5.183648166E+07
 7.222534598E+07 1.257807015E-01 2.772962840E-08 7.397476024E+00 5.200508292E+07
 7.261762067E+07 1.153323416E-01 2.551291405E-08 7.166518540E+00 5.217873334E+07
 7.300989535E+07 1.057352104E-01 2.346634767E-08 6.935561055E+00 5.235775602E+07
 7.340217003E+07 9.690376642E-02 2.157746364E-08 6.704603571E+00 5.254246882E+07
 7.379444471E+07 8.877105166E-02 1.983466106E-08 6.473646086E+00 5.273332785E+07
 7.418671940E+07 8.132240806E-02 1.822714760E-08 6.242688601E+00 5.293073013E+07
 7.457899408E+07 7.446427722E-02 1.674488670E-08 6.011731117E+00 5.313511237E+07
 7.497126876E+07 6.817475385E-02 1.537854800E-08 5.780773632E+00 5.334707453E+07
 7.536354345E+07 6.238741395E-02 1.411946066E-08 5.549816148E+00 5.356719764E+07
 7.575581813E+07 5.708199020E-02 1.295956960E-08 5.318858663E+00 5.379613972E+07
 7.614809281E+07 5.223231337E-02 1.189139445E-08 5.087901179E+00 5.403473049E+07
 7.654036749E+07 4.773133391E-02 1.090799093E-08 4.856943694E+00 5.428375574E+07
 7.693264218E+07 4.363800552E-02 1.000291475E-08 4.625986210E+00 5.454425007E+07
 7.732491686E+07 3.985916839E-02 9.170187677E-09 4.395028725E+00 5.481736870E+07
 7.771719154E+07 3.643254962E-02 8.404265772E-09 4.164071240E+00 5.510440782E+07
 7.810946623E+07 3.328147683E-02 7.700009658E-09 3.933113756E+00 5.540695624E+07
 7.850174091E+07 3.038358187E-02 7.052656645E-09 3.702156271E+00 5.572679151E+07
 7.889401559E+07 2.772877590E-02 6.457794667E-09 3.471198787E+00 5.606618811E+07
 7.928629027E+07 2.532040132E-02 5.911337889E-09 3.240241302E+00 5.642766446E+07
 7.967856496E+07 2.308307476E-02 5.409503903E-09 3.009283818E+00 5.681445373E+07
 8.007083964E+07 2.106544766E-02 4.948792408E-09 2.778326333E+00 5.723052601E+07
 8.046311432E+07 1.919106518E-02 4.525965293E-09 2.547368849E+00 5.768077327E+07
 8.085538901E+07 1.750653052E-02 4.138028036E-09 2.316411364E+00 5.817160281E+07
 8.124766369E+07 1.595841749E-02 3.782212333E-09 2.085453880E+00 5.871132921E+07
 8.163993837E+07 1.453793939E-02 3.455959895E-09 1.854496395E+00 5.931120857E+07
 8.203221305E+07 1.323024999E-02 3.156907332E-09 1.623538910E+00 5.998676306E+07
 8.242448774E+07 1.205617561E-02 2.882872048E-09 1.392581426E+00 6.076092257E+07
 8.281676242E+07 1.097338617E-02 2.631839114E-09 1.161623941E+00 6.166842896E+07
 8.320903710E+07 9.995999765E-03 2.401949019E-09 9.306664568E-01 6.276745439E+07
 8.360131179E+07 9.091169818E-03 2.191486271E-09 6.997089723E-01 6.416521051E+07
 8.399358647E+07 8.247817850E-03 1.998868788E-09 4.687514877E-01 6.609881557E+07
 8.438586115E+07 7.517357167E-03 1.822638018E-09 2.377940032E-01 6.929970765E+07
 8.477813583E+07 6.836518606E-03 1.661449755E-09 6.836518606E-03 8.477813581E+07
 8.484650102E+07 6.768153420E-03 1.000000000E-09 6.768153420E-03 8.484650102E+07
 8.491486621E+07 6.699788234E-03 1.000000000E-09 6.699788234E-03 8.491486621E+07
 8.498323139E+07 6.631423048E-03 1.000000000E-09 6.631423048E-03 8.498323144E+07
 8.505159658E+07 6.563057862E-03 1.000000000E-09 6.563057862E-03 8.505159656E+07
 8.511996176E+07 6.494692676E-03 1.000000000E-09 6.494692676E-03 8.511996187E+07
 8.518832695E+07 6.426327490E-03 1.000000000E-09 6.426327490E-03 8.518832700E+07
 8.525669214E+07 6.357962304E-03 1.000000000E-09 6.357962304E-03 8.525673600E+07
 8.532505732E+07 6.289597118E-03 1.000000000E-09 6.289597118E-03 8.532505737E+07
 8.539342251E+07 6.221231932E-03 1.000000000E-09 6.221231932E-03 8.539348288E+07
 8.546178769E+07 6.152866746E-03 1.000000000E-09 6.152866746E-03 8.546178770E+07
 8.553015288E+07 6.084501560E-03 1.000000000E-09 6.084501560E-03 8.553017600E+07
 8.559851807E+07 6.016136373E-03 1.000000000E-09 6.016136373E-03 8.559851806E+07
 8.566688325E+07 5.947771187E-03 1.000000000E-09 5.947771187E-03 8.566688319E+07
 8.573524844E+07 5.879406001E-03 1.000000000E-09 5.879406001E-03 8.573526400E+07
 8.580361362E+07 5.811040815E-03 1.000000000E-09 5.811040815E-03 8.580360000E+07
 8.587197881E+07 5.742675629E-03 1.000000000E-09 5.742675629E-03 8.587201047E+07
 8.594034400E+07 5.674310443E-03 1.000000000E-09 5.674310443E-03 8.594032000E+07
 8.600870918E+07 5.605945257E-03 1.000000000E-09 5.605945257E-03 8.600870918E+07
 8.607707437E+07 5.537580071E-03 1.000000000E-09 5.537580071E-03 8.607707437E+07
 8.614543955E+07 5.469214885E-03 1.000000000E-09 5.469214885E-03 8.614543200E+07
 8.621380474E+07 5.400849699E-03 1.000000000E-09 5.400849699E-03 8.621380481E+07
 8.628216993E+07 5.332484513E-03 1.000000000E-09 5.332484513E-03 8.628217000E+07
 8.635053511E+07 5.264119327E-03 1.000000000E-09 5.264119327E-03 8.635053512E+07
 8.641890030E+07 5.195754141E-03 1.000000000E-09 5.195754141E-03 8.641889965E+07
 8.648726549E+07 5.127388955E-03 1.000000000E-09 5.127388955E-03 8.648726549E+07
 8.655563067E+07 5.059023769E-03 1.000000000E-09 5.059023769E-03 8.655563200E+07
 8.662399586E+07 4.990658583E-03 1.000000000E-09 4.990658583E-03 8.662399700E+07
 8.669236104E+07 4.922293396E-03 1.000000000E-09 4.922293396E-03 8.669236200E+07
 8.676072623E+07 4.853928210E-03 1.000000000E-09 4.853928210E-03 8.676072700E+07
 8.682909142E+07 4.785563024E-03 1.000000000E-09 4.785563024E-03 8.682908800E+07
 8.689745660E+07 4.717197838E-03 1.000000000E-09 4.717197838E-03 8.689747200E+07
 8.696582179E+07 4.648832652E-03 1.000000000E-09 4.648832652E-03 8.696582100E+07
 8.703418697E+07 4.580467466E-03 1.000000000E-09 4.580467466E-03 8.703418687E+07
 8.710255216E+07 4.512102280E-03 1.000000000E-09 4.512102280E-03 8.710255212E+07
 8.717091735E+07 4.443737094E-03 1.000000000E-09 4.443737094E-03 8.717091700E+07
 8.723928253E+07 4.375371908E-03 1.000000000E-09 4.375371908E-03 8.723928200E+07
 8.730764772E+07 4.307006722E-03 1.000000000E-09 4.307006722E-03 8.730764600E+07
 8.737601290E+07 4.238641536E-03 1.000000000E-09 4.238641536E-03 8.737601294E+07
 8.744437809E+07 4.170276350E-03 1.000000000E-09 4.170276350E-03 8.744437809E+07
 8.751274328E+07 4.101911164E-03 1.000000000E-09 4.101911164E-03 8.751276800E+07
 8.758110846E+07 4.033545978E-03 1.000000000E-09 4.033545978E-03 8.758110400E+07
 8.764947365E+07 3.965180792E-03 1.000000000E-09 3.965180792E-03 8.764948800E+07
 8.771783883E+07 3.896815606E-03 1.000000000E-09 3.896815606E-03 8.771783800E+07
 8.778620402E+07 3.828450419E-03 1.000000000E-09 3.828450419E-03 8.778624000E+07
 8.785456921E+07 3.760085233E-03 1.000000000E-09 3.760085233E-03 8.785456921E+07
 8.792293439E+07 3.691720047E-03 1.000000000E-09 3.691720047E-03 8.792298795E+07
 8.799129958E+07 3.623354861E-03 1.000000000E-09 3.623354861E-03 8.799129979E+07
 8.805966476E+07 3.554989675E-03 1.000000000E-09 3.554989675E-03 8.805966600E+07
 8.812802995E+07 3.486624489E-03 1.000000000E-09 3.486624489E-03 8.812802995E+07
 8.819639514E+07 3.418259303E-03 1.000000000E-09 3.418259303E-03 8.819639500E+07
 8.826476032E+07 3.349894117E-03 1.000000000E-09 3.349894117E-03 8.826476032E+07
 8.833312551E+07 3.281528931E-03 1.000000000E-09 3.281528931E-03 8.833305600E+07
 8.840149069E+07 3.213163745E-03 1.000000000E-09 3.213163745E-03 8.840149200E+07
 8.846985588E+07 3.144798559E-03 1.000000000E-09 3.144798559E-03 8.846985588E+07
 8.853822107E+07 3.076433373E-03 1.000000000E-09 3.076433373E-03 8.853822107E+07
 8.860658625E+07 3.008068187E-03 1.000000000E-09 3.008068187E-03 8.860660800E+07
 8.867495144E+07 2.939703001E-03 1.000000000E-09 2.939703001E-03 8.867501172E+07
 8.874331663E+07 2.871337815E-03 1.000000000E-09 2.871337815E-03 8.874331600E+07
 8.881168181E+07 2.802972629E-03 1.000000000E-09 2.802972629E-03 8.881168181E+07
 8.888004700E+07 2.734607442E-03 1.000000000E-09 2.734607442E-03 8.888004800E+07
 8.894841218E+07 2.666242256E-03 1.000000000E-09 2.666242256E-03 8.894841218E+07
 8.901677737E+07 2.597877070E-03 1.000000000E-09 2.597877070E-03 8.901683200E+07
 8.908514256E+07 2.529511884E-03 1.000000000E-09 2.529511884E-03 8.908513600E+07
 8.915350774E+07 2.461146698E-03 1.000000000E-09 2.461146698E-03 8.915350400E+07
 8.922187293E+07 2.392781512E-03 1.000000000E-09 2.392781512E-03 8.922187293E+07
 8.929023811E+07 2.324416326E-03 1.000000000E-09 2.324416326E-03 8.929023819E+07
 8.935860330E+07 2.256051140E-03 1.000000000E-09 2.256051140E-03 8.935859200E+07
 8.942696849E+07 2.187685954E-03 1.000000000E-09 2.187685954E-03 8.942696900E+07
 8.949533367E+07 2.119320768E-03 1.000000000E-09 2.119320768E-03 8.949533400E+07
 8.956369886E+07 2.050955582E-03 1.000000000E-09 2.050955582E-03 8.956369886E+07
 8.963206404E+07 1.982590396E-03 1.000000000E-09 1.982590396E-03 8.963200000E+07
 8.970042923E+07 1.914225210E-03 1.000000000E-09 1.914225210E-03 8.970041600E+07
 8.976879442E+07 1.845860024E-03 1.000000000E-09 1.845860024E-03 8.976879721E+07
 8.983715960E+07 1.777494838E-03 1.000000000E-09 1.777494838E-03 8.983715961E+07
 8.990552479E+07 1.709129652E-03 1.000000000E-09 1.709129652E-03 8.990553600E+07
 8.997388997E+07 1.640764465E-03 1.000000000E-09 1.640764465E-03 8.997388997E+07
 9.004225516E+07 1.572399279E-03 1.000000000E-09 1.572399279E-03 9.004225516E+07
 9.011062035E+07 1.504034093E-03 1.000000000E-09 1.504034093E-03 9.011062044E+07
 9.017898553E+07 1.435668907E-03 1.000000000E-09 1.435668907E-03 9.017907200E+07
 9.024735072E+07 1.367303721E-03 1.000000000E-09 1.367303721E-03 9.024735000E+07
 9.031571590E+07 1.298938535E-03 1.000000000E-09 1.298938535E-03 9.031571590E+07
 9.038408109E+07 1.230573349E-03 1.000000000E-09 1.230573349E-03 9.038415173E+07
 9.045244628E+07 1.162208163E-03 1.000000000E-09 1.162208163E-03 9.045251449E+07
 9.052081146E+07 1.093842977E-03 1.000000000E-09 1.093842977E-03 9.052082173E+07
 9.058917665E+07 1.025477791E-03 1.000000000E-09 1.025477791E-03 9.058918400E+07
 9.065754184E+07 9.571126049E-04 1.000000000E-09 9.571126049E-04 9.065754200E+07
 9.072590702E+07 8.887474188E-04 1.000000000E-09 8.887474188E-04 9.072590702E+07
 9.079427221E+07 8.203822327E-04 1.000000000E-09 8.203822327E-04 9.079427260E+07
 9.086263739E+07 7.520170467E-04 1.000000000E-09 7.520170467E-04 9.086263750E+07
 9.093100258E+07 6.836518606E-04 1.000000000E-09 6.836518606E-04 9.093100800E+07
 9.099936777E+07 6.152866746E-04 1.000000000E-09 6.152866746E-04 9.099941382E+07
 9.106773295E+07 5.469214885E-04 1.000000000E-09 5.469214885E-04 9.106773295E+07
 9.113609814E+07 4.785563024E-04 1.000000000E-09 4.785563024E-04 9.113609814E+07
 9.120446332E+07 4.101911164E-04 1.000000000E-09 4.101911164E-04 9.120446366E+07
 9.127282851E+07 3.418259303E-04 1.000000000E-09 3.418259303E-04 9.127282900E+07
 9.134119370E+07 2.734607442E-04 1.000000000E-09 2.734607442E-04 9.134119369E+07
 9.140955888E+07 2.050955582E-04 1.000000000E-09 2.050955582E-04 9.140948344E+07
 9.147792407E+07 1.367303721E-04 1.000000000E-09 1.367303721E-04 9.147792500E+07
 9.154628925E+07 6.836518606E-05 1.000000000E-09 6.836518606E-05 9.154636800E+07
