DENSITY AND THICKNESS DATA OF THE ATMOSPHERE AT AN ZENITH ANGLE OF 86.0 DEGREES
 0.000000000E+00 1.257227632E+04 1.229805824E-03 1.257227632E+04 0.000000000E+00
 5.407056438E+04 1.250599927E+04 1.225146177E-03 1.251731968E+04 4.472087596E+04
 1.081411288E+05 1.243997348E+04 1.220498579E-03 1.246236303E+04 8.959486043E+04
 1.622116932E+05 1.237394086E+04 1.215863026E-03 1.240740639E+04 1.348505565E+05
 2.162822575E+05 1.230856290E+04 1.211239514E-03 1.235244974E+04 1.797219257E+05
 2.703528219E+05 1.224269969E+04 1.206628042E-03 1.229749310E+04 2.252645153E+05
 3.244233863E+05 1.217777809E+04 1.202028605E-03 1.224253645E+04 2.704867748E+05
 3.784939507E+05 1.211297871E+04 1.197441199E-03 1.218757981E+04 3.163397417E+05
 4.325645151E+05 1.204844536E+04 1.192865821E-03 1.213262316E+04 3.620567689E+05
 4.866350795E+05 1.198390494E+04 1.188302467E-03 1.207766652E+04 4.081985843E+05
 5.407056438E+05 1.191986361E+04 1.183751134E-03 1.202270987E+04 4.542103289E+05
 5.947762082E+05 1.185672039E+04 1.179211816E-03 1.196775323E+04 5.003040955E+05
 6.488467726E+05 1.179226763E+04 1.174684509E-03 1.191279658E+04 5.462410009E+05
 7.029173370E+05 1.172896049E+04 1.170169209E-03 1.185783994E+04 5.938378229E+05
 7.569879014E+05 1.166589743E+04 1.165665911E-03 1.180288329E+04 6.399076568E+05
 8.110584658E+05 1.160282268E+04 1.161174611E-03 1.174792665E+04 6.866748151E+05
 8.651290301E+05 1.154024380E+04 1.156695303E-03 1.169297000E+04 7.338815653E+05
 9.191995945E+05 1.147790701E+04 1.152227982E-03 1.163801336E+04 7.809465521E+05
 9.732701589E+05 1.141557640E+04 1.147772644E-03 1.158305671E+04 8.281259386E+05
 1.027340723E+06 1.135372011E+04 1.143329282E-03 1.152810007E+04 8.757377858E+05
 1.081411288E+06 1.129183618E+04 1.138897892E-03 1.147314342E+04 9.232893780E+05
 1.135481852E+06 1.123006024E+04 1.134478466E-03 1.141818678E+04 9.710205705E+05
 1.189552416E+06 1.116933167E+04 1.130071001E-03 1.136323013E+04 1.018911567E+06
 1.243622981E+06 1.110843001E+04 1.125675489E-03 1.130827349E+04 1.067154289E+06
 1.297693545E+06 1.104751429E+04 1.121291925E-03 1.125331685E+04 1.114629068E+06
 1.351764110E+06 1.098708515E+04 1.116920302E-03 1.119836020E+04 1.163949168E+06
 1.405834674E+06 1.092689218E+04 1.112560614E-03 1.114340356E+04 1.212484581E+06
 1.459905238E+06 1.086667944E+04 1.108212855E-03 1.108844691E+04 1.261205037E+06
 1.513975803E+06 1.080695507E+04 1.103877017E-03 1.103349027E+04 1.310291591E+06
 1.568046367E+06 1.074746490E+04 1.099553094E-03 1.097853362E+04 1.358940822E+06
 1.622116932E+06 1.068803780E+04 1.095241079E-03 1.092357698E+04 1.408780904E+06
 1.676187496E+06 1.062909331E+04 1.090940965E-03 1.086862033E+04 1.458173604E+06
 1.730258060E+06 1.056951929E+04 1.086652745E-03 1.081366369E+04 1.508040884E+06
 1.784328625E+06 1.051140315E+04 1.082376411E-03 1.075870704E+04 1.557712830E+06
 1.838399189E+06 1.045315155E+04 1.078111956E-03 1.070375040E+04 1.607430012E+06
 1.892469753E+06 1.039497046E+04 1.073859372E-03 1.064879375E+04 1.658044785E+06
 1.946540318E+06 1.033684659E+04 1.069618651E-03 1.059383711E+04 1.708328492E+06
 2.000610882E+06 1.027920240E+04 1.065389786E-03 1.053888046E+04 1.759100282E+06
 2.054681447E+06 1.022178654E+04 1.061172768E-03 1.048392382E+04 1.809269630E+06
 2.108752011E+06 1.016434287E+04 1.056967590E-03 1.042896717E+04 1.860748077E+06
 2.162822575E+06 1.010738012E+04 1.052774243E-03 1.037401053E+04 1.911789075E+06
 2.216893140E+06 1.005064377E+04 1.048592719E-03 1.031905388E+04 1.963224764E+06
 2.270963704E+06 9.993898519E+03 1.044423008E-03 1.026409724E+04 2.014865832E+06
 2.325034269E+06 9.937611628E+03 1.040265103E-03 1.020914059E+04 2.066461172E+06
 2.379104833E+06 9.881549185E+03 1.036118994E-03 1.015418395E+04 2.118565347E+06
 2.433175397E+06 9.825474584E+03 1.031984674E-03 1.009922730E+04 2.170057072E+06
 2.487245962E+06 9.769839573E+03 1.027862131E-03 1.004427066E+04 2.222898597E+06
 2.541316526E+06 9.714445071E+03 1.023751358E-03 9.989314015E+03 2.275618746E+06
 2.595387090E+06 9.659358456E+03 1.019652346E-03 9.934357370E+03 2.328125009E+06
 2.649457655E+06 9.603623850E+03 1.015565083E-03 9.879400725E+03 2.381153044E+06
 2.703528219E+06 9.549338586E+03 1.011489562E-03 9.824444080E+03 2.434465943E+06
 2.757598784E+06 9.494907826E+03 1.007425772E-03 9.769487436E+03 2.487584360E+06
 2.811669348E+06 9.440535677E+03 1.003373704E-03 9.714530791E+03 2.541233836E+06
 2.865739912E+06 9.386204620E+03 9.993333473E-04 9.659574146E+03 2.595178250E+06
 2.919810477E+06 9.332442110E+03 9.953046921E-04 9.604617501E+03 2.648926068E+06
 2.973881041E+06 9.278546392E+03 9.912877283E-04 9.549660856E+03 2.703213610E+06
 3.027951606E+06 9.225122423E+03 9.872824456E-04 9.494704212E+03 2.757798306E+06
 3.082022170E+06 9.171915789E+03 9.832888335E-04 9.439747567E+03 2.812444710E+06
 3.136092734E+06 9.118686753E+03 9.793068814E-04 9.384790922E+03 2.867136765E+06
 3.190163299E+06 9.066809174E+03 9.753365788E-04 9.329834277E+03 2.922396940E+06
 3.244233863E+06 9.013330216E+03 9.713779149E-04 9.274877632E+03 2.977553559E+06
 3.298304427E+06 8.961059626E+03 9.674308787E-04 9.219920988E+03 3.032705975E+06
 3.352374992E+06 8.908180169E+03 9.634954593E-04 9.164964343E+03 3.089001720E+06
 3.406445556E+06 8.856660435E+03 9.595716455E-04 9.110007698E+03 3.145080730E+06
 3.460516121E+06 8.804945314E+03 9.556594261E-04 9.055051053E+03 3.202049695E+06
 3.514586685E+06 8.753441169E+03 9.517587897E-04 9.000094409E+03 3.258028521E+06
 3.568657249E+06 8.701913382E+03 9.478697248E-04 8.945137764E+03 3.314733885E+06
 3.622727814E+06 8.650828264E+03 9.439922199E-04 8.890181119E+03 3.371517275E+06
 3.676798378E+06 8.599687176E+03 9.401262633E-04 8.835224474E+03 3.428307711E+06
 3.730868943E+06 8.549366432E+03 9.362718432E-04 8.780267829E+03 3.486280853E+06
 3.784939507E+06 8.498164513E+03 9.324289476E-04 8.725311185E+03 3.544063103E+06
 3.839010071E+06 8.448317865E+03 9.285975645E-04 8.670354540E+03 3.602073222E+06
 3.893080636E+06 8.398276313E+03 9.247776818E-04 8.615397895E+03 3.660341127E+06
 3.947151200E+06 8.348435963E+03 9.209692873E-04 8.560441250E+03 3.718854293E+06
 4.001221764E+06 8.298563595E+03 9.171723685E-04 8.505484605E+03 3.777628943E+06
 4.055292329E+06 8.249114865E+03 9.133869130E-04 8.450527961E+03 3.836663072E+06
 4.109362893E+06 8.199887443E+03 9.096129083E-04 8.395571316E+03 3.895965267E+06
 4.163433458E+06 8.150610852E+03 9.058503416E-04 8.340614671E+03 3.955527178E+06
 4.217504022E+06 8.101873057E+03 9.020992003E-04 8.285658026E+03 4.015358010E+06
 4.271574586E+06 8.053253626E+03 8.983594713E-04 8.230701381E+03 4.075457988E+06
 4.325645151E+06 8.004917029E+03 8.946311418E-04 8.175744737E+03 4.135346637E+06
 4.379715715E+06 7.956620493E+03 8.909141985E-04 8.120788092E+03 4.196574131E+06
 4.433786280E+06 7.908348255E+03 8.872086284E-04 8.065831447E+03 4.257503161E+06
 4.487856844E+06 7.860535623E+03 8.835144181E-04 8.010874802E+03 4.318733717E+06
 4.541927408E+06 7.812917092E+03 8.798315542E-04 7.955918157E+03 4.380492455E+06
 4.595997973E+06 7.765577724E+03 8.761600232E-04 7.900961513E+03 4.442365160E+06
 4.650068537E+06 7.717615398E+03 8.724998115E-04 7.846004868E+03 4.504356927E+06
 4.704139101E+06 7.670995847E+03 8.688509055E-04 7.791048223E+03 4.566726291E+06
 4.758209666E+06 7.624167037E+03 8.652132912E-04 7.736091578E+03 4.629392905E+06
 4.812280230E+06 7.577555620E+03 8.615869548E-04 7.681134933E+03 4.692649249E+06
 4.866350795E+06 7.530882116E+03 8.579718824E-04 7.626178289E+03 4.755920212E+06
 4.920421359E+06 7.484174561E+03 8.543680598E-04 7.571221644E+03 4.819522642E+06
 4.974491923E+06 7.438572476E+03 8.507754728E-04 7.516264999E+03 4.882944369E+06
 5.028562488E+06 7.392717211E+03 8.471941071E-04 7.461308354E+03 4.948001624E+06
 5.082633052E+06 7.347054814E+03 8.436239484E-04 7.406351709E+03 5.012429702E+06
 5.136703617E+06 7.301670727E+03 8.400649822E-04 7.351395065E+03 5.077569746E+06
 5.190774181E+06 7.255610767E+03 8.365171939E-04 7.296438420E+03 5.142741656E+06
 5.244844745E+06 7.210968538E+03 8.329805689E-04 7.241481775E+03 5.208237027E+06
 5.298915310E+06 7.166072440E+03 8.294550923E-04 7.186525130E+03 5.274366935E+06
 5.352985874E+06 7.121365414E+03 8.259407495E-04 7.131568485E+03 5.340530351E+06
 5.407056438E+06 7.076611841E+03 8.224375253E-04 7.076611841E+03 5.407056438E+06
 5.478677311E+06 7.017613429E+03 8.214976992E-04 7.033382220E+03 5.459704069E+06
 5.550298184E+06 6.959009269E+03 8.162640988E-04 6.990152599E+03 5.511809715E+06
 5.621919056E+06 6.900778138E+03 8.110564537E-04 6.946922979E+03 5.564957445E+06
 5.693539929E+06 6.842922197E+03 8.058746931E-04 6.903693358E+03 5.618364559E+06
 5.765160801E+06 6.785432855E+03 8.007187459E-04 6.860463738E+03 5.671212164E+06
 5.836781674E+06 6.727654103E+03 7.955885407E-04 6.817234117E+03 5.725116030E+06
 5.908402546E+06 6.671547213E+03 7.904840060E-04 6.774004497E+03 5.779283640E+06
 5.980023419E+06 6.614498683E+03 7.854050698E-04 6.730774876E+03 5.832899213E+06
 6.051644291E+06 6.559143334E+03 7.803516602E-04 6.687545256E+03 5.887576314E+06
 6.123265164E+06 6.502806212E+03 7.753237048E-04 6.644315635E+03 5.942550573E+06
 6.194886036E+06 6.447493456E+03 7.703211311E-04 6.601086015E+03 5.996939543E+06
 6.266506909E+06 6.392537179E+03 7.653438663E-04 6.557856394E+03 6.053273898E+06
 6.338127781E+06 6.337939371E+03 7.603918373E-04 6.514626773E+03 6.108194464E+06
 6.409748654E+06 6.283691855E+03 7.554649711E-04 6.471397153E+03 6.164242898E+06
 6.481369526E+06 6.229796631E+03 7.505631941E-04 6.428167532E+03 6.220566708E+06
 6.552990399E+06 6.176250605E+03 7.456864327E-04 6.384937912E+03 6.276332012E+06
 6.624611272E+06 6.123109291E+03 7.408346131E-04 6.341708291E+03 6.333227967E+06
 6.696232144E+06 6.070257915E+03 7.360076613E-04 6.298478671E+03 6.390417997E+06
 6.767853017E+06 6.017751655E+03 7.312055029E-04 6.255249050E+03 6.447046784E+06
 6.839473889E+06 5.965587386E+03 7.264280636E-04 6.212019430E+03 6.505692456E+06
 6.911094762E+06 5.913112089E+03 7.216752687E-04 6.168789809E+03 6.562884245E+06
 6.982715634E+06 5.862273050E+03 7.169470434E-04 6.125560189E+03 6.621343149E+06
 7.054336507E+06 5.810475776E+03 7.122433127E-04 6.082330568E+03 6.680029196E+06
 7.125957379E+06 5.760315495E+03 7.075640014E-04 6.039100947E+03 6.738147862E+06
 7.197578252E+06 5.709179673E+03 7.029090342E-04 5.995871327E+03 6.797457083E+06
 7.269199124E+06 5.659707303E+03 6.982783356E-04 5.952641706E+03 6.857114468E+06
 7.340819997E+06 5.609224593E+03 6.936718299E-04 5.909412086E+03 6.917055453E+06
 7.412440869E+06 5.560406448E+03 6.890894412E-04 5.866182465E+03 6.977334281E+06
 7.484061742E+06 5.510571803E+03 6.845310935E-04 5.822952845E+03 7.037035213E+06
 7.555682615E+06 5.461736897E+03 6.799967107E-04 5.779723224E+03 7.097975600E+06
 7.627303487E+06 5.413222302E+03 6.754862164E-04 5.736493604E+03 7.159283454E+06
 7.698924360E+06 5.365030084E+03 6.709995342E-04 5.693263983E+03 7.220907809E+06
 7.770545232E+06 5.317157257E+03 6.665365875E-04 5.650034363E+03 7.282874754E+06
 7.842166105E+06 5.269646161E+03 6.620972995E-04 5.606804742E+03 7.344266990E+06
 7.913786977E+06 5.221936465E+03 6.576815934E-04 5.563575121E+03 7.406938131E+06
 7.985407850E+06 5.175710073E+03 6.532893921E-04 5.520345501E+03 7.469972129E+06
 8.057028722E+06 5.128451380E+03 6.489206185E-04 5.477115880E+03 7.533405011E+06
 8.128649595E+06 5.082805241E+03 6.445751953E-04 5.433886260E+03 7.597153582E+06
 8.200270467E+06 5.036162148E+03 6.402530452E-04 5.390656639E+03 7.660347041E+06
 8.271891340E+06 4.991142566E+03 6.359540906E-04 5.347427019E+03 7.725824549E+06
 8.343512212E+06 4.945108362E+03 6.316782540E-04 5.304197398E+03 7.789756193E+06
 8.415133085E+06 4.900703123E+03 6.274254575E-04 5.260967778E+03 7.855108498E+06
 8.486753958E+06 4.855271801E+03 6.231956233E-04 5.217738157E+03 7.921141249E+06
 8.558374830E+06 4.811490643E+03 6.189886736E-04 5.174508536E+03 7.987221041E+06
 8.629995703E+06 4.766654260E+03 6.148045303E-04 5.131278916E+03 8.052727730E+06
 8.701616575E+06 4.722787872E+03 6.106431151E-04 5.088049295E+03 8.120636342E+06
 8.773237448E+06 4.679217551E+03 6.065043500E-04 5.044819675E+03 8.186934376E+06
 8.844858320E+06 4.635945464E+03 6.023881566E-04 5.001590054E+03 8.254673887E+06
 8.916479193E+06 4.592963662E+03 5.982944565E-04 4.958360434E+03 8.322837205E+06
 8.988100065E+06 4.550274327E+03 5.942231711E-04 4.915130813E+03 8.391435913E+06
 9.059720938E+06 4.507874577E+03 5.901742220E-04 4.871901193E+03 8.460473899E+06
 9.131341810E+06 4.465818817E+03 5.861475305E-04 4.828671572E+03 8.530008678E+06
 9.202962683E+06 4.423994845E+03 5.821430179E-04 4.785441952E+03 8.599917209E+06
 9.274583555E+06 4.382456945E+03 5.781606054E-04 4.742212331E+03 8.670314130E+06
 9.346204428E+06 4.341220258E+03 5.742002141E-04 4.698982710E+03 8.740561511E+06
 9.417825301E+06 4.300251062E+03 5.702617652E-04 4.655753090E+03 8.812513818E+06
 9.489446173E+06 4.259559284E+03 5.663451796E-04 4.612523469E+03 8.884325686E+06
 9.561067046E+06 4.219147276E+03 5.624503785E-04 4.569293849E+03 8.956624395E+06
 9.632687918E+06 4.178994179E+03 5.585772826E-04 4.526064228E+03 9.029414899E+06
 9.704308791E+06 4.139148994E+03 5.547258129E-04 4.482834608E+03 9.101622455E+06
 9.775929663E+06 4.099564352E+03 5.508958902E-04 4.439604987E+03 9.176602239E+06
 9.847550536E+06 4.060253271E+03 5.470874352E-04 4.396375367E+03 9.249810569E+06
 9.919171408E+06 4.021212888E+03 5.433003688E-04 4.353145746E+03 9.325756036E+06
 9.990792281E+06 3.982445660E+03 5.395346117E-04 4.309916126E+03 9.401131507E+06
 1.006241315E+07 3.943943407E+03 5.357900845E-04 4.266686505E+03 9.477041212E+06
 1.013403403E+07 3.905708599E+03 5.320667079E-04 4.223456884E+03 9.553500750E+06
 1.020565490E+07 3.867738390E+03 5.283644025E-04 4.180227264E+03 9.630516687E+06
 1.027727577E+07 3.829392800E+03 5.246830889E-04 4.136997643E+03 9.708155791E+06
 1.034889664E+07 3.792816110E+03 5.210226878E-04 4.093768023E+03 9.786282582E+06
 1.042051752E+07 3.754973718E+03 5.173831195E-04 4.050538402E+03 9.865028247E+06
 1.049213839E+07 3.718709334E+03 5.137643048E-04 4.007308782E+03 9.944368529E+06
 1.056375926E+07 3.681383537E+03 5.101661642E-04 3.964079161E+03 1.002432061E+07
 1.063538013E+07 3.645636352E+03 5.065886181E-04 3.920849541E+03 1.010488358E+07
 1.070700101E+07 3.608821230E+03 5.030315872E-04 3.877619920E+03 1.018728445E+07
 1.077862188E+07 3.573579760E+03 4.994949919E-04 3.834390300E+03 1.026790470E+07
 1.085024275E+07 3.537270118E+03 4.959787527E-04 3.791160679E+03 1.035201524E+07
 1.092186362E+07 3.502544664E+03 4.924827902E-04 3.747931058E+03 1.043391542E+07
 1.099348450E+07 3.466733313E+03 4.890070249E-04 3.704701438E+03 1.051895177E+07
 1.106510537E+07 3.431195631E+03 4.855513774E-04 3.661471817E+03 1.060343754E+07
 1.113672624E+07 3.397174571E+03 4.821157682E-04 3.618242197E+03 1.068861518E+07
 1.120834711E+07 3.363425165E+03 4.787001178E-04 3.575012576E+03 1.077581006E+07
 1.127996799E+07 3.328597202E+03 4.753043470E-04 3.531782956E+03 1.086112134E+07
 1.135158886E+07 3.295329040E+03 4.719283761E-04 3.488553335E+03 1.094977808E+07
 1.142320973E+07 3.260984911E+03 4.685721260E-04 3.445323715E+03 1.103786135E+07
 1.149483060E+07 3.228253732E+03 4.652355173E-04 3.402094094E+03 1.112671200E+07
 1.156645148E+07 3.194380880E+03 4.619184706E-04 3.358864474E+03 1.121768450E+07
 1.163807235E+07 3.162069251E+03 4.586209066E-04 3.315634853E+03 1.130810774E+07
 1.170969322E+07 3.128669692E+03 4.553427462E-04 3.272405232E+03 1.139932504E+07
 1.178131409E+07 3.096826677E+03 4.520839100E-04 3.229175612E+03 1.149289155E+07
 1.185293497E+07 3.063894874E+03 4.488443189E-04 3.185945991E+03 1.158438833E+07
 1.192455584E+07 3.032509360E+03 4.456238939E-04 3.142716371E+03 1.167949673E+07
 1.199617671E+07 3.000040515E+03 4.424225557E-04 3.099486750E+03 1.177556099E+07
 1.206779758E+07 2.969123049E+03 4.392402254E-04 3.056257130E+03 1.187105553E+07
 1.213941846E+07 2.937110335E+03 4.360768239E-04 3.013027509E+03 1.196745430E+07
 1.221103933E+07 2.906629003E+03 4.329322724E-04 2.969797889E+03 1.206629584E+07
 1.228266020E+07 2.875069101E+03 4.298064919E-04 2.926568268E+03 1.216457863E+07
 1.235428107E+07 2.845033166E+03 4.266994036E-04 2.883338648E+03 1.226383085E+07
 1.242590195E+07 2.813920733E+03 4.236109287E-04 2.840109027E+03 1.236558843E+07
 1.249752282E+07 2.784329468E+03 4.205409886E-04 2.796879406E+03 1.246683290E+07
 1.256914369E+07 2.753649786E+03 4.174895046E-04 2.753649786E+03 1.256914369E+07
 1.284091454E+07 2.640023302E+03 4.101451555E-04 2.726331373E+03 1.263355310E+07
 1.311268539E+07 2.530671858E+03 3.946776761E-04 2.699012961E+03 1.269852752E+07
 1.338445624E+07 2.425454066E+03 3.797249673E-04 2.671694548E+03 1.276410114E+07
 1.365622709E+07 2.324231174E+03 3.652728290E-04 2.644376136E+03 1.283031143E+07
 1.392799794E+07 2.226869514E+03 3.513073338E-04 2.617057723E+03 1.289714511E+07
 1.419976879E+07 2.133238536E+03 3.378148261E-04 2.589739311E+03 1.296459145E+07
 1.447153964E+07 2.043213248E+03 3.247819218E-04 2.562420898E+03 1.303268665E+07
 1.474331049E+07 1.956667231E+03 3.121955073E-04 2.535102486E+03 1.310147042E+07
 1.501508134E+07 1.873482620E+03 3.000427383E-04 2.507784073E+03 1.317093070E+07
 1.528685219E+07 1.793543125E+03 2.883110388E-04 2.480465661E+03 1.324105733E+07
 1.555862304E+07 1.716736451E+03 2.769880990E-04 2.453147248E+03 1.331188904E+07
 1.583039389E+07 1.642952379E+03 2.660618744E-04 2.425828836E+03 1.338346955E+07
 1.610216474E+07 1.572085162E+03 2.555205833E-04 2.398510424E+03 1.345578558E+07
 1.637393559E+07 1.504031603E+03 2.453527052E-04 2.371192011E+03 1.352882890E+07
 1.664570644E+07 1.438681469E+03 2.355469783E-04 2.343873599E+03 1.360264128E+07
 1.691747729E+07 1.375961457E+03 2.260923978E-04 2.316555186E+03 1.367726896E+07
 1.718924814E+07 1.315768655E+03 2.169782126E-04 2.289236774E+03 1.375270180E+07
 1.746101899E+07 1.258000453E+03 2.081939236E-04 2.261918361E+03 1.382893134E+07
 1.773278984E+07 1.202575878E+03 1.997292802E-04 2.234599949E+03 1.390603238E+07
 1.800456069E+07 1.149409280E+03 1.915742784E-04 2.207281536E+03 1.398399643E+07
 1.827633154E+07 1.098418316E+03 1.837191569E-04 2.179963124E+03 1.406281707E+07
 1.854810239E+07 1.049521969E+03 1.761543949E-04 2.152644711E+03 1.414254220E+07
 1.881987324E+07 1.002653223E+03 1.688707086E-04 2.125326299E+03 1.422322524E+07
 1.909164408E+07 9.577182268E+02 1.618590482E-04 2.098007886E+03 1.430485925E+07
 1.936341493E+07 9.146691309E+02 1.551105944E-04 2.070689474E+03 1.438743869E+07
 1.963518578E+07 8.733832056E+02 1.486167553E-04 2.043371061E+03 1.447105386E+07
 1.990695663E+07 8.338462983E+02 1.423691629E-04 2.016052649E+03 1.455568993E+07
 2.017872748E+07 7.959750537E+02 1.363596700E-04 1.988734236E+03 1.464134918E+07
 2.045049833E+07 7.597149417E+02 1.305803459E-04 1.961415824E+03 1.472808823E+07
 2.072226918E+07 7.249852980E+02 1.250234738E-04 1.934097411E+03 1.481600239E+07
 2.099404003E+07 6.917362655E+02 1.196815465E-04 1.906778999E+03 1.490499443E+07
 2.126581088E+07 6.599172988E+02 1.145472631E-04 1.879460586E+03 1.499515766E+07
 2.153758173E+07 6.294594846E+02 1.096135253E-04 1.852142174E+03 1.508659419E+07
 2.180935258E+07 6.003159779E+02 1.048734339E-04 1.824823761E+03 1.517920545E+07
 2.208112343E+07 5.724349260E+02 1.003202848E-04 1.797505349E+03 1.527312661E+07
 2.235289428E+07 5.457668750E+02 9.594756537E-05 1.770186936E+03 1.536836252E+07
 2.262466513E+07 5.202628416E+02 9.174895099E-05 1.742868524E+03 1.546491856E+07
 2.289643598E+07 4.958870344E+02 8.771830106E-05 1.715550111E+03 1.556290626E+07
 2.316820683E+07 4.725759526E+02 8.384965540E-05 1.688231699E+03 1.566233149E+07
 2.343997768E+07 4.502930988E+02 8.013723053E-05 1.660913286E+03 1.576320469E+07
 2.371174853E+07 4.290083965E+02 7.657541591E-05 1.633594874E+03 1.586564654E+07
 2.398351938E+07 4.086619272E+02 7.315877033E-05 1.606276461E+03 1.596967019E+07
 2.425529023E+07 3.892250884E+02 6.988201814E-05 1.578958049E+03 1.607528897E+07
 2.452706108E+07 3.706597529E+02 6.674004565E-05 1.551639636E+03 1.618267619E+07
 2.479883193E+07 3.529406080E+02 6.372789744E-05 1.524321224E+03 1.629173216E+07
 2.507060278E+07 3.360023542E+02 6.084077278E-05 1.497002811E+03 1.640263608E+07
 2.534237363E+07 3.198583397E+02 5.807402201E-05 1.469684399E+03 1.651541305E+07
 2.561414448E+07 3.044442891E+02 5.542314297E-05 1.442365986E+03 1.663008781E+07
 2.588591533E+07 2.897258273E+02 5.288377747E-05 1.415047574E+03 1.674687371E+07
 2.615768618E+07 2.756825063E+02 5.045170783E-05 1.387729161E+03 1.686565066E+07
 2.642945703E+07 2.622886077E+02 4.812285336E-05 1.360410749E+03 1.698662385E+07
 2.670122788E+07 2.495181850E+02 4.589326694E-05 1.333092336E+03 1.710991412E+07
 2.697299873E+07 2.373334836E+02 4.375913168E-05 1.305773924E+03 1.723545639E+07
 2.724476958E+07 2.257262554E+02 4.171675753E-05 1.278455511E+03 1.736353163E+07
 2.751654043E+07 2.146522152E+02 3.976257799E-05 1.251137099E+03 1.749405565E+07
 2.778831127E+07 2.041070723E+02 3.789314688E-05 1.223818686E+03 1.762732732E+07
 2.806008212E+07 1.940489315E+02 3.610513508E-05 1.196500274E+03 1.776326788E+07
 2.833185297E+07 1.844656079E+02 3.439532742E-05 1.169181861E+03 1.790220001E+07
 2.860362382E+07 1.753485658E+02 3.276061952E-05 1.141863449E+03 1.804410745E+07
 2.887539467E+07 1.666638895E+02 3.119801477E-05 1.114545036E+03 1.818917820E+07
 2.914716552E+07 1.583844902E+02 2.970462126E-05 1.087226624E+03 1.833756649E+07
 2.941893637E+07 1.505018978E+02 2.827764889E-05 1.059908211E+03 1.848943566E+07
 2.969070722E+07 1.430081623E+02 2.691440639E-05 1.032589799E+03 1.864501887E+07
 2.996247807E+07 1.358761517E+02 2.561229850E-05 1.005271386E+03 1.880433561E+07
 3.023424892E+07 1.290868964E+02 2.436882315E-05 9.779529740E+02 1.896782348E+07
 3.050601977E+07 1.226209297E+02 2.318156872E-05 9.506345615E+02 1.913553784E+07
 3.077779062E+07 1.164800260E+02 2.204821134E-05 9.233161490E+02 1.930775885E+07
 3.104956147E+07 1.106303212E+02 2.096651223E-05 8.959977365E+02 1.948482662E+07
 3.132133232E+07 1.050772715E+02 1.993431512E-05 8.686793240E+02 1.966689903E+07
 3.159310317E+07 9.978807508E+01 1.894954373E-05 8.413609115E+02 1.985442220E+07
 3.186487402E+07 9.477199431E+01 1.801019927E-05 8.140424991E+02 2.004760539E+07
 3.213664487E+07 9.000323724E+01 1.711435802E-05 7.867240866E+02 2.024697205E+07
 3.240841572E+07 8.546222989E+01 1.626016894E-05 7.594056741E+02 2.045286581E+07
 3.268018657E+07 8.115816420E+01 1.544585140E-05 7.320872616E+02 2.066567879E+07
 3.295195742E+07 7.706953027E+01 1.466969284E-05 7.047688491E+02 2.088607930E+07
 3.322372827E+07 7.317674864E+01 1.393004664E-05 6.774504366E+02 2.111448260E+07
 3.349549912E+07 6.949290324E+01 1.322532990E-05 6.501320241E+02 2.135177199E+07
 3.376726997E+07 6.598999793E+01 1.255402136E-05 6.228136116E+02 2.159846713E+07
 3.403904082E+07 6.266796941E+01 1.191465935E-05 5.954951991E+02 2.185545707E+07
 3.431081167E+07 5.950537207E+01 1.130583978E-05 5.681767866E+02 2.212368116E+07
 3.458258252E+07 5.652444228E+01 1.072621420E-05 5.408583742E+02 2.240432851E+07
 3.485435337E+07 5.367693342E+01 1.017448786E-05 5.135399617E+02 2.269843098E+07
 3.512612422E+07 5.098545885E+01 9.649417931E-06 4.862215492E+02 2.300764981E+07
 3.539789507E+07 4.843456108E+01 9.149811650E-06 4.589031367E+02 2.333347562E+07
 3.566966592E+07 4.600426413E+01 8.674524587E-06 4.315847242E+02 2.367810789E+07
 3.594143677E+07 4.371991209E+01 8.222458943E-06 4.042663117E+02 2.404383752E+07
 3.621320762E+07 4.153568297E+01 7.792561892E-06 3.769478992E+02 2.443370500E+07
 3.648497847E+07 3.947482458E+01 7.383823976E-06 3.496294867E+02 2.485094968E+07
 3.675674931E+07 3.752200056E+01 6.995277538E-06 3.223110742E+02 2.530017420E+07
 3.702852016E+07 3.566891033E+01 6.625995208E-06 2.949926617E+02 2.578714658E+07
 3.730029101E+07 3.392649241E+01 6.275088430E-06 2.676742492E+02 2.631861607E+07
 3.757206186E+07 3.225707168E+01 5.941706032E-06 2.403558368E+02 2.690448481E+07
 3.784383271E+07 3.069585776E+01 5.625032841E-06 2.130374243E+02 2.755745488E+07
 3.811560356E+07 2.919839310E+01 5.324288336E-06 1.857190118E+02 2.829562974E+07
 3.838737441E+07 2.779186625E+01 5.038725349E-06 1.584005993E+02 2.914662493E+07
 3.865914526E+07 2.645903760E+01 4.767628803E-06 1.310821868E+02 3.015289084E+07
 3.893091611E+07 2.520771327E+01 4.510314484E-06 1.037637743E+02 3.138729983E+07
 3.920268696E+07 2.400500793E+01 4.266127862E-06 7.644536181E+01 3.299438773E+07
 3.947445781E+07 2.288622238E+01 4.034442944E-06 4.912694932E+01 3.532256077E+07
 3.974622866E+07 2.180853683E+01 3.814661162E-06 2.180853683E+01 3.974622866E+07
 4.012156422E+07 2.037733563E+01 3.692367427E-06 2.159051792E+01 3.980187931E+07
 4.049689978E+07 1.903499310E+01 3.462575543E-06 2.137249900E+01 3.985805529E+07
 4.087223533E+07 1.777642220E+01 3.246176892E-06 2.115448008E+01 3.991478078E+07
 4.124757089E+07 1.659662434E+01 3.042451846E-06 2.093646116E+01 3.997205998E+07
 4.162290645E+07 1.549100921E+01 2.850715517E-06 2.071844224E+01 4.002990419E+07
 4.199824200E+07 1.445523897E+01 2.670316320E-06 2.050042332E+01 4.008832505E+07
 4.237357756E+07 1.348515654E+01 2.500634581E-06 2.028240441E+01 4.014733167E+07
 4.274891312E+07 1.257682691E+01 2.341081195E-06 2.006438549E+01 4.020693564E+07
 4.312424868E+07 1.172657953E+01 2.191096324E-06 1.984636657E+01 4.026716258E+07
 4.349958423E+07 1.093089582E+01 2.050148137E-06 1.962834765E+01 4.032801413E+07
 4.387491979E+07 1.018652125E+01 1.917731597E-06 1.941032873E+01 4.038950393E+07
 4.425025535E+07 9.490310217E+00 1.793367280E-06 1.919230981E+01 4.045164111E+07
 4.462559090E+07 8.839329518E+00 1.676600250E-06 1.897429090E+01 4.051445766E+07
 4.500092646E+07 8.230853112E+00 1.566998958E-06 1.875627198E+01 4.057795873E+07
 4.537626202E+07 7.662180623E+00 1.464154188E-06 1.853825306E+01 4.064215992E+07
 4.575159757E+07 7.130947585E+00 1.367678047E-06 1.832023414E+01 4.070707738E+07
 4.612693313E+07 6.634770994E+00 1.277202979E-06 1.810221522E+01 4.077272783E+07
 4.650226869E+07 6.171476109E+00 1.192380828E-06 1.788419630E+01 4.083912859E+07
 4.687760425E+07 5.738997368E+00 1.112881932E-06 1.766617739E+01 4.090629759E+07
 4.725293980E+07 5.335434676E+00 1.038394247E-06 1.744815847E+01 4.097425345E+07
 4.762827536E+07 4.958934749E+00 9.686225168E-07 1.723013955E+01 4.104300558E+07
 4.800361092E+07 4.607772559E+00 9.032874647E-07 1.701212063E+01 4.111259086E+07
 4.837894647E+07 4.280329022E+00 8.421250231E-07 1.679410171E+01 4.118302317E+07
 4.875428203E+07 3.975125068E+00 7.848855937E-07 1.657608279E+01 4.125432671E+07
 4.912961759E+07 3.690680055E+00 7.313333371E-07 1.635806388E+01 4.132651251E+07
 4.950495315E+07 3.425717603E+00 6.812454924E-07 1.614004496E+01 4.139962121E+07
 4.988028870E+07 3.178883064E+00 6.344117261E-07 1.592202604E+01 4.147366841E+07
 5.025562426E+07 2.949082802E+00 5.906335076E-07 1.570400712E+01 4.154867563E+07
 5.063095982E+07 2.735158608E+00 5.497235122E-07 1.548598820E+01 4.162466810E+07
 5.100629537E+07 2.536084198E+00 5.115050501E-07 1.526796928E+01 4.170168955E+07
 5.138163093E+07 2.350854245E+00 4.758115202E-07 1.504995037E+01 4.177975058E+07
 5.175696649E+07 2.178610626E+00 4.424858884E-07 1.483193145E+01 4.185888417E+07
 5.213230205E+07 2.018432152E+00 4.113801892E-07 1.461391253E+01 4.193912436E+07
 5.250763760E+07 1.869530342E+00 3.823550499E-07 1.439589361E+01 4.202051021E+07
 5.288297316E+07 1.731167703E+00 3.552792370E-07 1.417787469E+01 4.210306917E+07
 5.325830872E+07 1.602614188E+00 3.300292226E-07 1.395985577E+01 4.218683672E+07
 5.363364427E+07 1.483203291E+00 3.064887722E-07 1.374183686E+01 4.227183586E+07
 5.400897983E+07 1.372338885E+00 2.845485509E-07 1.352381794E+01 4.235813718E+07
 5.438431539E+07 1.269423018E+00 2.641057492E-07 1.330579902E+01 4.244575668E+07
 5.475965094E+07 1.173887439E+00 2.450637264E-07 1.308778010E+01 4.253474431E+07
 5.513498650E+07 1.085296362E+00 2.273316707E-07 1.286976118E+01 4.262513730E+07
 5.551032206E+07 1.003094154E+00 2.108242770E-07 1.265174226E+01 4.271700112E+07
 5.588565762E+07 9.268915280E-01 1.954614400E-07 1.243372335E+01 4.281037441E+07
 5.626099317E+07 8.562410908E-01 1.811679621E-07 1.221570443E+01 4.290529394E+07
 5.663632873E+07 7.907660591E-01 1.678732768E-07 1.199768551E+01 4.300184916E+07
 5.701166429E+07 7.300879429E-01 1.555111859E-07 1.177966659E+01 4.310007069E+07
 5.738699984E+07 6.739294264E-01 1.440196094E-07 1.156164767E+01 4.320002563E+07
 5.776233540E+07 6.218942092E-01 1.333403488E-07 1.134362875E+01 4.330177605E+07
 5.813767096E+07 5.737272501E-01 1.234188630E-07 1.112560984E+01 4.340540460E+07
 5.851300652E+07 5.291580988E-01 1.142040552E-07 1.090759092E+01 4.351096376E+07
 5.888834207E+07 4.879181962E-01 1.056480711E-07 1.068957200E+01 4.361854895E+07
 5.926367763E+07 4.497708620E-01 9.770610846E-08 1.047155308E+01 4.372823184E+07
 5.963901319E+07 4.144866956E-01 9.033623585E-08 1.025353416E+01 4.384009855E+07
 6.001434874E+07 3.818786855E-01 8.349922197E-08 1.003551524E+01 4.395421973E+07
 6.038968430E+07 3.517572449E-01 7.715837373E-08 9.817496326E+00 4.407073028E+07
 6.076501986E+07 3.239156340E-01 7.127938341E-08 9.599477408E+00 4.418970806E+07
 6.114035542E+07 2.982009282E-01 6.583018406E-08 9.381458490E+00 4.431128822E+07
 6.151569097E+07 2.744296554E-01 6.078081302E-08 9.163439571E+00 4.443555531E+07
 6.189102653E+07 2.525094936E-01 5.610328300E-08 8.945420653E+00 4.456268177E+07
 6.226636209E+07 2.322818294E-01 5.177146035E-08 8.727401735E+00 4.469276083E+07
 6.264169764E+07 2.136143251E-01 4.776095031E-08 8.509382817E+00 4.482595701E+07
 6.301703320E+07 1.964026225E-01 4.404898868E-08 8.291363898E+00 4.496244195E+07
 6.339236876E+07 1.805208925E-01 4.061433977E-08 8.073344980E+00 4.510235550E+07
 6.376770432E+07 1.658840788E-01 3.743720018E-08 7.855326062E+00 4.524590503E+07
 6.414303987E+07 1.523879706E-01 3.449910821E-08 7.637307143E+00 4.539327787E+07
 6.451837543E+07 1.399544263E-01 3.178285849E-08 7.419288225E+00 4.554471488E+07
 6.489371099E+07 1.285049262E-01 2.927242171E-08 7.201269307E+00 4.570041544E+07
 6.526904654E+07 1.179423457E-01 2.695286902E-08 6.983250388E+00 4.586065425E+07
 6.564438210E+07 1.082537066E-01 2.481030097E-08 6.765231470E+00 4.602571977E+07
 6.601971766E+07 9.931271682E-02 2.283178068E-08 6.547212552E+00 4.619592740E+07
 6.639505321E+07 9.109298072E-02 2.100527108E-08 6.329193633E+00 4.637157788E+07
 6.677038877E+07 8.353019407E-02 1.931957588E-08 6.111174715E+00 4.655308212E+07
 6.714572433E+07 7.655922366E-02 1.776428420E-08 5.893155797E+00 4.674083585E+07
 6.752105989E+07 7.015876018E-02 1.632971855E-08 5.675136878E+00 4.693530722E+07
 6.789639544E+07 6.429988566E-02 1.500688606E-08 5.457117960E+00 4.713701433E+07
 6.827173100E+07 5.890811916E-02 1.378743270E-08 5.239099042E+00 4.734652993E+07
 6.864706656E+07 5.393128117E-02 1.266360037E-08 5.021080123E+00 4.756449711E+07
 6.902240211E+07 4.937277399E-02 1.162818669E-08 4.803061205E+00 4.779163725E+07
 6.939773767E+07 4.520570565E-02 1.067450729E-08 4.585042287E+00 4.802883751E+07
 6.977307323E+07 4.136884662E-02 9.796360551E-09 4.367023368E+00 4.827698373E+07
 7.014840879E+07 3.781946717E-02 8.987994549E-09 4.149004450E+00 4.853723728E+07
 7.052374434E+07 3.460403425E-02 8.244076129E-09 3.930985532E+00 4.881081306E+07
 7.089907990E+07 3.163588281E-02 7.559661982E-09 3.712966613E+00 4.909922568E+07
 7.127441546E+07 2.890716754E-02 6.930171596E-09 3.494947695E+00 4.940427732E+07
 7.164975101E+07 2.643361061E-02 6.351361960E-09 3.276928777E+00 4.972797865E+07
 7.202508657E+07 2.415326599E-02 5.819303937E-09 3.058909859E+00 5.007286771E+07
 7.240042213E+07 2.205843790E-02 5.330360184E-09 2.840890940E+00 5.044207650E+07
 7.277575769E+07 2.014457747E-02 4.881164545E-09 2.622872022E+00 5.083933950E+07
 7.315109324E+07 1.840202039E-02 4.468602801E-09 2.404853104E+00 5.126940811E+07
 7.352642880E+07 1.678158958E-02 4.089794720E-09 2.186834185E+00 5.173840926E+07
 7.390176436E+07 1.534194125E-02 3.742077305E-09 1.968815267E+00 5.225435567E+07
 7.427709991E+07 1.397772766E-02 3.422989182E-09 1.750796349E+00 5.282802351E+07
 7.465243547E+07 1.274217315E-02 3.130256042E-09 1.532777430E+00 5.347441303E+07
 7.502777103E+07 1.160182287E-02 2.861777076E-09 1.314758512E+00 5.421552710E+07
 7.540310658E+07 1.057898329E-02 2.615612347E-09 1.096739594E+00 5.508486822E+07
 7.577844214E+07 9.629310794E-03 2.389971023E-09 8.787206753E-01 5.613833969E+07
 7.615377770E+07 8.790768808E-03 2.183200433E-09 6.607017570E-01 5.747982882E+07
 7.652911326E+07 8.009390659E-03 1.993775877E-09 4.426828387E-01 5.933682020E+07
 7.690444881E+07 7.299705269E-03 1.820291154E-09 2.246639204E-01 6.241648699E+07
 7.727978437E+07 6.645002072E-03 1.661449755E-09 6.645002072E-03 7.727978450E+07
 7.734623439E+07 6.578552051E-03 1.000000000E-09 6.578552051E-03 7.734623444E+07
 7.741268441E+07 6.512102031E-03 1.000000000E-09 6.512102031E-03 7.741268400E+07
 7.747913443E+07 6.445652010E-03 1.000000000E-09 6.445652010E-03 7.747913400E+07
 7.754558445E+07 6.379201989E-03 1.000000000E-09 6.379201989E-03 7.754565623E+07
 7.761203447E+07 6.312751969E-03 1.000000000E-09 6.312751969E-03 7.761203200E+07
 7.767848449E+07 6.246301948E-03 1.000000000E-09 6.246301948E-03 7.767848450E+07
 7.774493452E+07 6.179851927E-03 1.000000000E-09 6.179851927E-03 7.774496000E+07
 7.781138454E+07 6.113401906E-03 1.000000000E-09 6.113401906E-03 7.781138454E+07
 7.787783456E+07 6.046951886E-03 1.000000000E-09 6.046951886E-03 7.787783500E+07
 7.794428458E+07 5.980501865E-03 1.000000000E-09 5.980501865E-03 7.794428400E+07
 7.801073460E+07 5.914051844E-03 1.000000000E-09 5.914051844E-03 7.801073400E+07
 7.807718462E+07 5.847601824E-03 1.000000000E-09 5.847601824E-03 7.807718462E+07
 7.814363464E+07 5.781151803E-03 1.000000000E-09 5.781151803E-03 7.814363475E+07
 7.821008466E+07 5.714701782E-03 1.000000000E-09 5.714701782E-03 7.821008700E+07
 7.827653468E+07 5.648251761E-03 1.000000000E-09 5.648251761E-03 7.827653468E+07
 7.834298470E+07 5.581801741E-03 1.000000000E-09 5.581801741E-03 7.834298469E+07
 7.840943472E+07 5.515351720E-03 1.000000000E-09 5.515351720E-03 7.840943473E+07
 7.847588474E+07 5.448901699E-03 1.000000000E-09 5.448901699E-03 7.847588500E+07
 7.854233476E+07 5.382451678E-03 1.000000000E-09 5.382451678E-03 7.854233500E+07
 7.860878478E+07 5.316001658E-03 1.000000000E-09 5.316001658E-03 7.860879239E+07
 7.867523481E+07 5.249551637E-03 1.000000000E-09 5.249551637E-03 7.867523481E+07
 7.874168483E+07 5.183101616E-03 1.000000000E-09 5.183101616E-03 7.874168487E+07
 7.880813485E+07 5.116651596E-03 1.000000000E-09 5.116651596E-03 7.880813485E+07
 7.887458487E+07 5.050201575E-03 1.000000000E-09 5.050201575E-03 7.887458600E+07
 7.894103489E+07 4.983751554E-03 1.000000000E-09 4.983751554E-03 7.894103494E+07
 7.900748491E+07 4.917301533E-03 1.000000000E-09 4.917301533E-03 7.900748800E+07
 7.907393493E+07 4.850851513E-03 1.000000000E-09 4.850851513E-03 7.907393493E+07
 7.914038495E+07 4.784401492E-03 1.000000000E-09 4.784401492E-03 7.914038500E+07
 7.920683497E+07 4.717951471E-03 1.000000000E-09 4.717951471E-03 7.920683481E+07
 7.927328499E+07 4.651501451E-03 1.000000000E-09 4.651501451E-03 7.927328500E+07
 7.933973501E+07 4.585051430E-03 1.000000000E-09 4.585051430E-03 7.933973512E+07
 7.940618503E+07 4.518601409E-03 1.000000000E-09 4.518601409E-03 7.940618500E+07
 7.947263505E+07 4.452151388E-03 1.000000000E-09 4.452151388E-03 7.947264000E+07
 7.953908507E+07 4.385701368E-03 1.000000000E-09 4.385701368E-03 7.953908512E+07
 7.960553510E+07 4.319251347E-03 1.000000000E-09 4.319251347E-03 7.960553700E+07
 7.967198512E+07 4.252801326E-03 1.000000000E-09 4.252801326E-03 7.967198512E+07
 7.973843514E+07 4.186351305E-03 1.000000000E-09 4.186351305E-03 7.973843800E+07
 7.980488516E+07 4.119901285E-03 1.000000000E-09 4.119901285E-03 7.980489600E+07
 7.987133518E+07 4.053451264E-03 1.000000000E-09 4.053451264E-03 7.987132800E+07
 7.993778520E+07 3.987001243E-03 1.000000000E-09 3.987001243E-03 7.993778520E+07
 8.000423522E+07 3.920551223E-03 1.000000000E-09 3.920551223E-03 8.000423525E+07
 8.007068524E+07 3.854101202E-03 1.000000000E-09 3.854101202E-03 8.007068524E+07
 8.013713526E+07 3.787651181E-03 1.000000000E-09 3.787651181E-03 8.013713563E+07
 8.020358528E+07 3.721201160E-03 1.000000000E-09 3.721201160E-03 8.020352000E+07
 8.027003530E+07 3.654751140E-03 1.000000000E-09 3.654751140E-03 8.027005765E+07
 8.033648532E+07 3.588301119E-03 1.000000000E-09 3.588301119E-03 8.033649066E+07
 8.040293534E+07 3.521851098E-03 1.000000000E-09 3.521851098E-03 8.040293534E+07
 8.046938536E+07 3.455401078E-03 1.000000000E-09 3.455401078E-03 8.046939200E+07
 8.053583539E+07 3.388951057E-03 1.000000000E-09 3.388951057E-03 8.053584000E+07
 8.060228541E+07 3.322501036E-03 1.000000000E-09 3.322501036E-03 8.060228600E+07
 8.066873543E+07 3.256051015E-03 1.000000000E-09 3.256051015E-03 8.066873600E+07
 8.073518545E+07 3.189600995E-03 1.000000000E-09 3.189600995E-03 8.073518600E+07
 8.080163547E+07 3.123150974E-03 1.000000000E-09 3.123150974E-03 8.080163556E+07
 8.086808549E+07 3.056700953E-03 1.000000000E-09 3.056700953E-03 8.086813765E+07
 8.093453551E+07 2.990250932E-03 1.000000000E-09 2.990250932E-03 8.093453551E+07
 8.100098553E+07 2.923800912E-03 1.000000000E-09 2.923800912E-03 8.100098600E+07
 8.106743555E+07 2.857350891E-03 1.000000000E-09 2.857350891E-03 8.106743556E+07
 8.113388557E+07 2.790900870E-03 1.000000000E-09 2.790900870E-03 8.113388500E+07
 8.120033559E+07 2.724450850E-03 1.000000000E-09 2.724450850E-03 8.120035980E+07
 8.126678561E+07 2.658000829E-03 1.000000000E-09 2.658000829E-03 8.126678600E+07
 8.133323563E+07 2.591550808E-03 1.000000000E-09 2.591550808E-03 8.133323582E+07
 8.139968565E+07 2.525100787E-03 1.000000000E-09 2.525100787E-03 8.139968583E+07
 8.146613568E+07 2.458650767E-03 1.000000000E-09 2.458650767E-03 8.146613568E+07
 8.153258570E+07 2.392200746E-03 1.000000000E-09 2.392200746E-03 8.153258585E+07
 8.159903572E+07 2.325750725E-03 1.000000000E-09 2.325750725E-03 8.159903572E+07
 8.166548574E+07 2.259300705E-03 1.000000000E-09 2.259300705E-03 8.166553600E+07
 8.173193576E+07 2.192850684E-03 1.000000000E-09 2.192850684E-03 8.173193576E+07
 8.179838578E+07 2.126400663E-03 1.000000000E-09 2.126400663E-03 8.179838581E+07
 8.186483580E+07 2.059950642E-03 1.000000000E-09 2.059950642E-03 8.186483600E+07
 8.193128582E+07 1.993500622E-03 1.000000000E-09 1.993500622E-03 8.193130691E+07
 8.199773584E+07 1.927050601E-03 1.000000000E-09 1.927050601E-03 8.199773892E+07
 8.206418586E+07 1.860600580E-03 1.000000000E-09 1.860600580E-03 8.206418586E+07
 8.213063588E+07 1.794150559E-03 1.000000000E-09 1.794150559E-03 8.213063588E+07
 8.219708590E+07 1.727700539E-03 1.000000000E-09 1.727700539E-03 8.219708590E+07
 8.226353592E+07 1.661250518E-03 1.000000000E-09 1.661250518E-03 8.226353592E+07
 8.232998595E+07 1.594800497E-03 1.000000000E-09 1.594800497E-03 8.232998800E+07
 8.239643597E+07 1.528350477E-03 1.000000000E-09 1.528350477E-03 8.239643597E+07
 8.246288599E+07 1.461900456E-03 1.000000000E-09 1.461900456E-03 8.246288599E+07
 8.252933601E+07 1.395450435E-03 1.000000000E-09 1.395450435E-03 8.252939651E+07
 8.259578603E+07 1.329000414E-03 1.000000000E-09 1.329000414E-03 8.259584000E+07
 8.266223605E+07 1.262550394E-03 1.000000000E-09 1.262550394E-03 8.266231802E+07
 8.272868607E+07 1.196100373E-03 1.000000000E-09 1.196100373E-03 8.272868607E+07
 8.279513609E+07 1.129650352E-03 1.000000000E-09 1.129650352E-03 8.279513609E+07
 8.286158611E+07 1.063200332E-03 1.000000000E-09 1.063200332E-03 8.286158611E+07
 8.292803613E+07 9.967503108E-04 1.000000000E-09 9.967503108E-04 8.292808207E+07
 8.299448615E+07 9.303002901E-04 1.000000000E-09 9.303002901E-04 8.299453661E+07
 8.306093617E+07 8.638502694E-04 1.000000000E-09 8.638502694E-04 8.306093619E+07
 8.312738619E+07 7.974002487E-04 1.000000000E-09 7.974002487E-04 8.312738110E+07
 8.319383621E+07 7.309502279E-04 1.000000000E-09 7.309502279E-04 8.319383621E+07
 8.326028624E+07 6.645002072E-04 1.000000000E-09 6.645002072E-04 8.326028800E+07
 8.332673626E+07 5.980501865E-04 1.000000000E-09 5.980501865E-04 8.332672000E+07
 8.339318628E+07 5.316001658E-04 1.000000000E-09 5.316001658E-04 8.339323314E+07
 8.345963630E+07 4.651501451E-04 1.000000000E-09 4.651501451E-04 8.345963630E+07
 8.352608632E+07 3.987001243E-04 1.000000000E-09 3.987001243E-04 8.352608632E+07
 8.359253634E+07 3.322501036E-04 1.000000000E-09 3.322501036E-04 8.359249217E+07
 8.365898636E+07 2.658000829E-04 1.000000000E-09 2.658000829E-04 8.365898918E+07
 8.372543638E+07 1.993500622E-04 1.000000000E-09 1.993500622E-04 8.372545600E+07
 8.379188640E+07 1.329000414E-04 1.000000000E-09 1.329000414E-04 8.379188640E+07
 8.385833642E+07 6.645002072E-05 1.000000000E-09 6.645002072E-05 8.385833642E+07
