DENSITY AND THICKNESS DATA OF THE ATMOSPHERE AT AN ZENITH ANGLE OF 88.0 DEGREES
 0.000000000E+00 1.951080220E+04 1.229805824E-03 1.951080220E+04 0.000000000E+00
 9.454607940E+04 1.939476143E+04 1.225722340E-03 1.941394463E+04 7.882695671E+04
 1.890921588E+05 1.927910492E+04 1.221635194E-03 1.931708705E+04 1.580804497E+05
 2.836382382E+05 1.916356553E+04 1.217544511E-03 1.922022948E+04 2.373330830E+05
 3.781843176E+05 1.904905602E+04 1.213450420E-03 1.912337190E+04 3.169680468E+05
 4.727303970E+05 1.893427102E+04 1.209353048E-03 1.902651433E+04 3.965881654E+05
 5.672764764E+05 1.882015963E+04 1.205252520E-03 1.892965675E+04 4.767439999E+05
 6.618225558E+05 1.870643403E+04 1.201148964E-03 1.883279918E+04 5.569691433E+05
 7.563686352E+05 1.859319470E+04 1.197042506E-03 1.873594160E+04 6.372695907E+05
 8.509147146E+05 1.848024394E+04 1.192933271E-03 1.863908403E+04 7.178834941E+05
 9.454607940E+05 1.836768197E+04 1.188821385E-03 1.854222645E+04 7.987367770E+05
 1.040006873E+06 1.825550677E+04 1.184706973E-03 1.844536888E+04 8.800384819E+05
 1.134552953E+06 1.814337697E+04 1.180590160E-03 1.834851131E+04 9.613660445E+05
 1.229099032E+06 1.803196493E+04 1.176471070E-03 1.825165373E+04 1.043226986E+06
 1.323645112E+06 1.792095496E+04 1.172349827E-03 1.815479616E+04 1.124966345E+06
 1.418191191E+06 1.781033265E+04 1.168226555E-03 1.805793858E+04 1.207250143E+06
 1.512737270E+06 1.770010480E+04 1.164101378E-03 1.796108101E+04 1.289618421E+06
 1.607283350E+06 1.759026051E+04 1.159974419E-03 1.786422343E+04 1.372078633E+06
 1.701829429E+06 1.748080658E+04 1.155845799E-03 1.776736586E+04 1.455110503E+06
 1.796375509E+06 1.737174092E+04 1.151715643E-03 1.767050828E+04 1.538160443E+06
 1.890921588E+06 1.726316265E+04 1.147584071E-03 1.757365071E+04 1.621785649E+06
 1.985467667E+06 1.715460255E+04 1.143451205E-03 1.747679313E+04 1.705266842E+06
 2.080013747E+06 1.704669417E+04 1.139317167E-03 1.737993556E+04 1.789334113E+06
 2.174559826E+06 1.693918697E+04 1.135182078E-03 1.728307798E+04 1.873190151E+06
 2.269105906E+06 1.683207525E+04 1.131046057E-03 1.718622041E+04 1.957856979E+06
 2.363651985E+06 1.672534803E+04 1.126909224E-03 1.708936283E+04 2.042726370E+06
 2.458198064E+06 1.661901201E+04 1.122771700E-03 1.699250526E+04 2.127623112E+06
 2.552744144E+06 1.651306503E+04 1.118633604E-03 1.689564768E+04 2.213122589E+06
 2.647290223E+06 1.640753169E+04 1.114495054E-03 1.679879011E+04 2.298505161E+06
 2.741836303E+06 1.630245870E+04 1.110356168E-03 1.670193253E+04 2.384471252E+06
 2.836382382E+06 1.619768356E+04 1.106217066E-03 1.660507496E+04 2.470734728E+06
 2.930928461E+06 1.609329754E+04 1.102077863E-03 1.650821738E+04 2.557032597E+06
 3.025474541E+06 1.598930739E+04 1.097938678E-03 1.641135981E+04 2.643632518E+06
 3.120020620E+06 1.588570183E+04 1.093799627E-03 1.631450223E+04 2.730782485E+06
 3.214566700E+06 1.578212313E+04 1.089660826E-03 1.621764466E+04 2.818198081E+06
 3.309112779E+06 1.567966243E+04 1.085522390E-03 1.612078708E+04 2.905925709E+06
 3.403658858E+06 1.557686387E+04 1.081384436E-03 1.602392951E+04 2.993955312E+06
 3.498204938E+06 1.547489205E+04 1.077247077E-03 1.592707193E+04 3.082037630E+06
 3.592751017E+06 1.537332836E+04 1.073110429E-03 1.583021436E+04 3.170746287E+06
 3.687297097E+06 1.527206338E+04 1.068974605E-03 1.573335678E+04 3.259720577E+06
 3.781843176E+06 1.517118937E+04 1.064839719E-03 1.563649921E+04 3.348656859E+06
 3.876389255E+06 1.507070404E+04 1.060705883E-03 1.553964163E+04 3.438299899E+06
 3.970935335E+06 1.497061391E+04 1.056573210E-03 1.544278406E+04 3.527969393E+06
 4.065481414E+06 1.487090781E+04 1.052441812E-03 1.534592648E+04 3.618277722E+06
 4.160027494E+06 1.477159223E+04 1.048311800E-03 1.524906891E+04 3.708840128E+06
 4.254573573E+06 1.467266485E+04 1.044183286E-03 1.515221134E+04 3.799736133E+06
 4.349119652E+06 1.457414990E+04 1.040056379E-03 1.505535376E+04 3.890967224E+06
 4.443665732E+06 1.447600062E+04 1.035931190E-03 1.495849619E+04 3.982543294E+06
 4.538211811E+06 1.437824128E+04 1.031807828E-03 1.486163861E+04 4.074457545E+06
 4.632757891E+06 1.428086948E+04 1.027686402E-03 1.476478104E+04 4.166720000E+06
 4.727303970E+06 1.418390405E+04 1.023567021E-03 1.466792346E+04 4.259333594E+06
 4.821850049E+06 1.408758242E+04 1.019449792E-03 1.457106589E+04 4.352051137E+06
 4.916396129E+06 1.399137605E+04 1.015334823E-03 1.447420831E+04 4.445376054E+06
 5.010942208E+06 1.389555506E+04 1.011222221E-03 1.437735074E+04 4.539064953E+06
 5.105488288E+06 1.379993426E+04 1.007112091E-03 1.428049316E+04 4.633119826E+06
 5.200034367E+06 1.370488989E+04 1.003004541E-03 1.418363559E+04 4.727563202E+06
 5.294580447E+06 1.361051967E+04 9.988996738E-04 1.408677801E+04 4.822629654E+06
 5.389126526E+06 1.351624737E+04 9.947975955E-04 1.398992044E+04 4.917811276E+06
 5.483672605E+06 1.342236859E+04 9.906984098E-04 1.389306286E+04 5.013377140E+06
 5.578218685E+06 1.332887047E+04 9.866022205E-04 1.379620529E+04 5.109427611E+06
 5.672764764E+06 1.323575949E+04 9.825091304E-04 1.369934771E+04 5.205773918E+06
 5.767310844E+06 1.314303313E+04 9.784192421E-04 1.360249014E+04 5.302520398E+06
 5.861856923E+06 1.305071572E+04 9.743326575E-04 1.350563256E+04 5.399668323E+06
 5.956403002E+06 1.295875984E+04 9.702494778E-04 1.340877499E+04 5.497229194E+06
 6.050949082E+06 1.286718987E+04 9.661698038E-04 1.331191741E+04 5.595209341E+06
 6.145495161E+06 1.277600326E+04 9.620937358E-04 1.321505984E+04 5.693595688E+06
 6.240041241E+06 1.268520631E+04 9.580213733E-04 1.311820226E+04 5.792793345E+06
 6.334587320E+06 1.259480002E+04 9.539528154E-04 1.302134469E+04 5.891933055E+06
 6.429133399E+06 1.250476586E+04 9.498881604E-04 1.292448711E+04 5.991892552E+06
 6.523679479E+06 1.241511368E+04 9.458275063E-04 1.282762954E+04 6.091995727E+06
 6.618225558E+06 1.232594709E+04 9.417709504E-04 1.273077196E+04 6.192549902E+06
 6.712771638E+06 1.223733077E+04 9.377185892E-04 1.263391439E+04 6.293937945E+06
 6.807317717E+06 1.214882511E+04 9.336705190E-04 1.253705681E+04 6.395293370E+06
 6.901863796E+06 1.206069980E+04 9.296268352E-04 1.244019924E+04 6.497503708E+06
 6.996409876E+06 1.197296114E+04 9.255876326E-04 1.234334166E+04 6.600089087E+06
 7.090955955E+06 1.188559755E+04 9.215530056E-04 1.224648409E+04 6.702840646E+06
 7.185502035E+06 1.179861530E+04 9.175230478E-04 1.214962652E+04 6.806470790E+06
 7.280048114E+06 1.171202415E+04 9.134978523E-04 1.205276894E+04 6.910283799E+06
 7.374594193E+06 1.162582305E+04 9.094775116E-04 1.195591137E+04 7.014608552E+06
 7.469140273E+06 1.153997768E+04 9.054621175E-04 1.185905379E+04 7.119699073E+06
 7.563686352E+06 1.145487468E+04 9.014517612E-04 1.176219622E+04 7.225308306E+06
 7.658232432E+06 1.136969614E+04 8.974465334E-04 1.166533864E+04 7.331558638E+06
 7.752778511E+06 1.128498321E+04 8.934465240E-04 1.156848107E+04 7.437788998E+06
 7.847324590E+06 1.120066078E+04 8.894518224E-04 1.147162349E+04 7.544956061E+06
 7.941870670E+06 1.111697240E+04 8.854625174E-04 1.137476592E+04 7.652359790E+06
 8.036416749E+06 1.103348537E+04 8.814786970E-04 1.127790834E+04 7.760902898E+06
 8.130962829E+06 1.095027404E+04 8.775004488E-04 1.118105077E+04 7.869376520E+06
 8.225508908E+06 1.086744008E+04 8.735278596E-04 1.108419319E+04 7.978717894E+06
 8.320054987E+06 1.078497943E+04 8.695610156E-04 1.098733562E+04 8.088729852E+06
 8.414601067E+06 1.070289819E+04 8.656000024E-04 1.089047804E+04 8.198901613E+06
 8.509147146E+06 1.062119718E+04 8.616449050E-04 1.079362047E+04 8.310263247E+06
 8.603693226E+06 1.054022206E+04 8.576958076E-04 1.069676289E+04 8.421603157E+06
 8.698239305E+06 1.045925143E+04 8.537527939E-04 1.059990532E+04 8.534149668E+06
 8.792785384E+06 1.037858274E+04 8.498159470E-04 1.050304774E+04 8.646680869E+06
 8.887331464E+06 1.029835522E+04 8.458853492E-04 1.040619017E+04 8.760474606E+06
 8.981877543E+06 1.021878319E+04 8.419610822E-04 1.030933259E+04 8.874659935E+06
 9.076423623E+06 1.013929423E+04 8.380432272E-04 1.021247502E+04 8.989258395E+06
 9.170969702E+06 1.006018017E+04 8.341318646E-04 1.011561744E+04 9.104612116E+06
 9.265515781E+06 9.981429241E+03 8.302270740E-04 1.001875987E+04 9.220608749E+06
 9.360061861E+06 9.903059964E+03 8.263289348E-04 9.921902294E+03 9.337606387E+06
 9.454607940E+06 9.825044719E+03 8.224375253E-04 9.825044719E+03 9.454607940E+06
 9.558372614E+06 9.739385033E+03 8.219073602E-04 9.761891375E+03 9.531266123E+06
 9.662137287E+06 9.654976198E+03 8.170701679E-04 9.698738032E+03 9.608290689E+06
 9.765901961E+06 9.569590532E+03 8.122458588E-04 9.635584689E+03 9.685634671E+06
 9.869666634E+06 9.486143693E+03 8.074345419E-04 9.572431345E+03 9.762438154E+06
 9.973431308E+06 9.402480047E+03 8.026363246E-04 9.509278002E+03 9.841343460E+06
 1.007719598E+07 9.320913013E+03 7.978513130E-04 9.446124658E+03 9.918807117E+06
 1.018096065E+07 9.237398661E+03 7.930796120E-04 9.382971315E+03 9.997520499E+06
 1.028472533E+07 9.154482219E+03 7.883213247E-04 9.319817972E+03 1.007855087E+07
 1.038849000E+07 9.073581123E+03 7.835765531E-04 9.256664628E+03 1.015600877E+07
 1.049225468E+07 8.992380128E+03 7.788453977E-04 9.193511285E+03 1.023577951E+07
 1.059601935E+07 8.911668941E+03 7.741279578E-04 9.130357942E+03 1.031601417E+07
 1.069978402E+07 8.831465618E+03 7.694243309E-04 9.067204598E+03 1.039653972E+07
 1.080354870E+07 8.751735422E+03 7.647346135E-04 9.004051255E+03 1.047652745E+07
 1.090731337E+07 8.673220206E+03 7.600589005E-04 8.940897911E+03 1.055872228E+07
 1.101107804E+07 8.593737493E+03 7.553972855E-04 8.877744568E+03 1.063945072E+07
 1.111484272E+07 8.516176273E+03 7.507498607E-04 8.814591225E+03 1.072244530E+07
 1.121860739E+07 8.438385895E+03 7.461167169E-04 8.751437881E+03 1.080393367E+07
 1.132237206E+07 8.361064450E+03 7.414979435E-04 8.688284538E+03 1.088676886E+07
 1.142613674E+07 8.284958731E+03 7.368936286E-04 8.625131195E+03 1.097000611E+07
 1.152990141E+07 8.207865108E+03 7.323038587E-04 8.561977851E+03 1.105367082E+07
 1.163366608E+07 8.132680202E+03 7.277287193E-04 8.498824508E+03 1.113772886E+07
 1.173743076E+07 8.057513648E+03 7.231682940E-04 8.435671164E+03 1.122220569E+07
 1.184119543E+07 7.982557325E+03 7.186226656E-04 8.372517821E+03 1.130710456E+07
 1.194496011E+07 7.908088589E+03 7.140919151E-04 8.309364478E+03 1.139243649E+07
 1.204872478E+07 7.834078414E+03 7.095761223E-04 8.246211134E+03 1.147819728E+07
 1.215248945E+07 7.761268893E+03 7.050753657E-04 8.183057791E+03 1.156439816E+07
 1.225625413E+07 7.688181479E+03 7.005897222E-04 8.119904448E+03 1.165104280E+07
 1.236001880E+07 7.615559020E+03 6.961192676E-04 8.056751104E+03 1.173847253E+07
 1.246378347E+07 7.543430895E+03 6.916640762E-04 7.993597761E+03 1.182602522E+07
 1.256754815E+07 7.471739026E+03 6.872242209E-04 7.930444417E+03 1.191404102E+07
 1.267131282E+07 7.401235430E+03 6.827997735E-04 7.867291074E+03 1.200252398E+07
 1.277507749E+07 7.330453407E+03 6.783908041E-04 7.804137731E+03 1.209148656E+07
 1.287884217E+07 7.260125551E+03 6.739973817E-04 7.740984387E+03 1.218092297E+07
 1.298260684E+07 7.190269946E+03 6.696195738E-04 7.677831044E+03 1.227084962E+07
 1.308637151E+07 7.120857429E+03 6.652574467E-04 7.614677701E+03 1.236126931E+07
 1.319013619E+07 7.052683523E+03 6.609110654E-04 7.551524357E+03 1.245221171E+07
 1.329390086E+07 6.984160112E+03 6.565804933E-04 7.488371014E+03 1.254365801E+07
 1.339766553E+07 6.916086000E+03 6.522657927E-04 7.425217670E+03 1.263560276E+07
 1.350143021E+07 6.848479044E+03 6.479670246E-04 7.362064327E+03 1.272806892E+07
 1.360519488E+07 6.781304294E+03 6.436842486E-04 7.298910984E+03 1.282107016E+07
 1.370895956E+07 6.715293461E+03 6.394175229E-04 7.235757640E+03 1.291460393E+07
 1.381272423E+07 6.649006115E+03 6.351669045E-04 7.172604297E+03 1.300976083E+07
 1.391648890E+07 6.583159963E+03 6.309324490E-04 7.109450954E+03 1.310331727E+07
 1.402025358E+07 6.517743930E+03 6.267142110E-04 7.046297610E+03 1.319967026E+07
 1.412401825E+07 6.452730171E+03 6.225122433E-04 6.983144267E+03 1.329542734E+07
 1.422778292E+07 6.388938628E+03 6.183265978E-04 6.919990923E+03 1.339175940E+07
 1.433154760E+07 6.324817673E+03 6.141573250E-04 6.856837580E+03 1.348870483E+07
 1.443531227E+07 6.261144973E+03 6.100044740E-04 6.793684237E+03 1.358622227E+07
 1.453907694E+07 6.197939501E+03 6.058680929E-04 6.730530893E+03 1.368548551E+07
 1.464284162E+07 6.135357947E+03 6.017482281E-04 6.667377550E+03 1.378308469E+07
 1.474660629E+07 6.072923491E+03 5.976449252E-04 6.604224207E+03 1.388358331E+07
 1.485037096E+07 6.011696555E+03 5.935582283E-04 6.541070863E+03 1.398356483E+07
 1.495413564E+07 5.950149702E+03 5.894881801E-04 6.477917520E+03 1.408421141E+07
 1.505790031E+07 5.889013368E+03 5.854348223E-04 6.414764176E+03 1.418549954E+07
 1.516166498E+07 5.829026795E+03 5.813981953E-04 6.351610833E+03 1.428744834E+07
 1.526542966E+07 5.768731362E+03 5.773783381E-04 6.288457490E+03 1.439122206E+07
 1.536919433E+07 5.708838664E+03 5.733752887E-04 6.225304146E+03 1.449339169E+07
 1.547295901E+07 5.649378971E+03 5.693890837E-04 6.162150803E+03 1.459900161E+07
 1.557672368E+07 5.590322934E+03 5.654197585E-04 6.098997460E+03 1.470371548E+07
 1.568048835E+07 5.532391924E+03 5.614673473E-04 6.035844116E+03 1.480913692E+07
 1.578425303E+07 5.474143037E+03 5.575318831E-04 5.972690773E+03 1.491529456E+07
 1.588801770E+07 5.416318943E+03 5.536133977E-04 5.909537429E+03 1.502338023E+07
 1.599178237E+07 5.359682799E+03 5.497119217E-04 5.846384086E+03 1.513104446E+07
 1.609554705E+07 5.302642468E+03 5.458274844E-04 5.783230743E+03 1.523946405E+07
 1.619931172E+07 5.246006585E+03 5.419601141E-04 5.720077399E+03 1.534991144E+07
 1.630307639E+07 5.189792908E+03 5.381098378E-04 5.656924056E+03 1.545991388E+07
 1.640684107E+07 5.133966374E+03 5.342766813E-04 5.593770713E+03 1.557071713E+07
 1.651060574E+07 5.079248006E+03 5.304606692E-04 5.530617369E+03 1.568359850E+07
 1.661437041E+07 5.024214874E+03 5.266618252E-04 5.467464026E+03 1.579607170E+07
 1.671813509E+07 4.969577948E+03 5.228801715E-04 5.404310682E+03 1.590932698E+07
 1.682189976E+07 4.916048458E+03 5.191157293E-04 5.341157339E+03 1.602495542E+07
 1.692566444E+07 4.862170259E+03 5.153685187E-04 5.278003996E+03 1.614004055E+07
 1.702942911E+07 4.808694826E+03 5.116385586E-04 5.214850652E+03 1.625602352E+07
 1.713319378E+07 4.756336219E+03 5.079258668E-04 5.151697309E+03 1.637422332E+07
 1.723695846E+07 4.702891662E+03 5.042304600E-04 5.088543966E+03 1.649339550E+07
 1.734072313E+07 4.651523401E+03 5.005523537E-04 5.025390622E+03 1.661217581E+07
 1.744448780E+07 4.599558861E+03 4.968915624E-04 4.962237279E+03 1.673195114E+07
 1.754825248E+07 4.547991540E+03 4.932480994E-04 4.899083935E+03 1.685403651E+07
 1.765201715E+07 4.497530063E+03 4.896219769E-04 4.835930592E+03 1.697721977E+07
 1.775578182E+07 4.446691142E+03 4.860132061E-04 4.772777249E+03 1.709997109E+07
 1.785954650E+07 4.396229124E+03 4.824217970E-04 4.709623905E+03 1.722383516E+07
 1.796331117E+07 4.346173015E+03 4.788477588E-04 4.646470562E+03 1.735063375E+07
 1.806707584E+07 4.296464840E+03 4.752910992E-04 4.583317219E+03 1.747664966E+07
 1.817084052E+07 4.247827561E+03 4.717518252E-04 4.520163875E+03 1.760520766E+07
 1.827460519E+07 4.198857679E+03 4.682299427E-04 4.457010532E+03 1.773349945E+07
 1.837836986E+07 4.150242179E+03 4.647254563E-04 4.393857188E+03 1.786439798E+07
 1.848213454E+07 4.102703010E+03 4.612383699E-04 4.330703845E+03 1.799653802E+07
 1.858589921E+07 4.054859682E+03 4.577686861E-04 4.267550502E+03 1.812992834E+07
 1.868966389E+07 4.007331301E+03 4.543164067E-04 4.204397158E+03 1.826297965E+07
 1.879342856E+07 3.960876202E+03 4.508815323E-04 4.141243815E+03 1.839889593E+07
 1.889719323E+07 3.914038399E+03 4.474640626E-04 4.078090472E+03 1.853457802E+07
 1.900095791E+07 3.867570581E+03 4.440639962E-04 4.014937128E+03 1.867326089E+07
 1.910472258E+07 3.822177854E+03 4.406813310E-04 3.951783785E+03 1.881318552E+07
 1.920848725E+07 3.776403118E+03 4.373160634E-04 3.888630441E+03 1.895457069E+07
 1.931225193E+07 3.730978176E+03 4.339681894E-04 3.825477098E+03 1.909740212E+07
 1.941601660E+07 3.686631517E+03 4.306377036E-04 3.762323755E+03 1.924006875E+07
 1.951978127E+07 3.641878367E+03 4.273245998E-04 3.699170411E+03 1.938586528E+07
 1.962354595E+07 3.597482075E+03 4.240288710E-04 3.636017068E+03 1.953320043E+07
 1.972731062E+07 3.554163437E+03 4.207505089E-04 3.572863725E+03 1.968215787E+07
 1.983107529E+07 3.509710381E+03 4.174895046E-04 3.509710381E+03 1.983107530E+07
 2.015920146E+07 3.372237885E+03 4.118397231E-04 3.474855133E+03 1.991322870E+07
 2.048732763E+07 3.239398378E+03 3.979124732E-04 3.439999885E+03 1.999606355E+07
 2.081545380E+07 3.111066077E+03 3.843546920E-04 3.405144638E+03 2.007964399E+07
 2.114357997E+07 2.987133114E+03 3.711608385E-04 3.370289390E+03 2.016393303E+07
 2.147170614E+07 2.867459825E+03 3.583252770E-04 3.335434142E+03 2.024899680E+07
 2.179983231E+07 2.751940520E+03 3.458422863E-04 3.300578894E+03 2.033479805E+07
 2.212795848E+07 2.640459646E+03 3.337060682E-04 3.265723646E+03 2.042140955E+07
 2.245608465E+07 2.532904860E+03 3.219107568E-04 3.230868398E+03 2.050878491E+07
 2.278421081E+07 2.429165103E+03 3.104504266E-04 3.196013151E+03 2.059699871E+07
 2.311233698E+07 2.329138905E+03 2.993191010E-04 3.161157903E+03 2.068601351E+07
 2.344046315E+07 2.232704629E+03 2.885107602E-04 3.126302655E+03 2.077590203E+07
 2.376858932E+07 2.139764644E+03 2.780193492E-04 3.091447407E+03 2.086665424E+07
 2.409671549E+07 2.050215785E+03 2.678387853E-04 3.056592159E+03 2.095826144E+07
 2.442484166E+07 1.963957564E+03 2.579629656E-04 3.021736911E+03 2.105079873E+07
 2.475296783E+07 1.880890127E+03 2.483857737E-04 2.986881663E+03 2.114425735E+07
 2.508109400E+07 1.800916998E+03 2.391010871E-04 2.952026416E+03 2.123863040E+07
 2.540922017E+07 1.723955849E+03 2.301027834E-04 2.917171168E+03 2.133396582E+07
 2.573734633E+07 1.649888396E+03 2.213847469E-04 2.882315920E+03 2.143031714E+07
 2.606547250E+07 1.578636335E+03 2.129408746E-04 2.847460672E+03 2.152767682E+07
 2.639359867E+07 1.510121193E+03 2.047650823E-04 2.812605424E+03 2.162603832E+07
 2.672172484E+07 1.444235409E+03 1.968513097E-04 2.777750176E+03 2.172548859E+07
 2.704985101E+07 1.380903595E+03 1.891935265E-04 2.742894928E+03 2.182601960E+07
 2.737797718E+07 1.320043221E+03 1.817857369E-04 2.708039681E+03 2.192762793E+07
 2.770610335E+07 1.261573057E+03 1.746219847E-04 2.673184433E+03 2.203040372E+07
 2.803422952E+07 1.205417222E+03 1.676963582E-04 2.638329185E+03 2.213434364E+07
 2.836235569E+07 1.151500200E+03 1.610029941E-04 2.603473937E+03 2.223944498E+07
 2.869048186E+07 1.099734245E+03 1.545360822E-04 2.568618689E+03 2.234580376E+07
 2.901860802E+07 1.050064862E+03 1.482898689E-04 2.533763441E+03 2.245341847E+07
 2.934673419E+07 1.002398916E+03 1.422586610E-04 2.498908194E+03 2.256228886E+07
 2.967486036E+07 9.566876123E+02 1.364368293E-04 2.464052946E+03 2.267251742E+07
 3.000298653E+07 9.128423814E+02 1.308188119E-04 2.429197698E+03 2.278410585E+07
 3.033111270E+07 8.708075445E+02 1.253991168E-04 2.394342450E+03 2.289705605E+07
 3.065923887E+07 8.305208987E+02 1.201723252E-04 2.359487202E+03 2.301150385E+07
 3.098736504E+07 7.919275505E+02 1.151330938E-04 2.324631954E+03 2.312740357E+07
 3.131549121E+07 7.549571176E+02 1.102761572E-04 2.289776706E+03 2.324478733E+07
 3.164361738E+07 7.195410299E+02 1.055963304E-04 2.254921459E+03 2.336377152E+07
 3.197174354E+07 6.856314489E+02 1.010885102E-04 2.220066211E+03 2.348436646E+07
 3.229986971E+07 6.531842035E+02 9.674767780E-05 2.185210963E+03 2.360662123E+07
 3.262799588E+07 6.221183993E+02 9.256889951E-05 2.150355715E+03 2.373058604E+07
 3.295612205E+07 5.924156868E+02 8.854732888E-05 2.115500467E+03 2.385627600E+07
 3.328424822E+07 5.637444909E+02 8.467820767E-05 2.080645219E+03 2.398382426E+07
 3.361237439E+07 5.368292241E+02 8.095686695E-05 2.045789971E+03 2.411325078E+07
 3.394050056E+07 5.108507517E+02 7.737872808E-05 2.010934724E+03 2.424461896E+07
 3.426862673E+07 4.859968572E+02 7.393930345E-05 1.976079476E+03 2.437799021E+07
 3.459675290E+07 4.623231554E+02 7.063419708E-05 1.941224228E+03 2.451343442E+07
 3.492487906E+07 4.396665080E+02 6.745910512E-05 1.906368980E+03 2.465102317E+07
 3.525300523E+07 4.180287798E+02 6.440981615E-05 1.871513732E+03 2.479078825E+07
 3.558113140E+07 3.973824660E+02 6.148221140E-05 1.836658484E+03 2.493294149E+07
 3.590925757E+07 3.776773753E+02 5.867226479E-05 1.801803237E+03 2.507738944E+07
 3.623738374E+07 3.588643031E+02 5.597604289E-05 1.766947989E+03 2.522440092E+07
 3.656550991E+07 3.409285049E+02 5.338970474E-05 1.732092741E+03 2.537388767E+07
 3.689363608E+07 3.238010134E+02 5.090950155E-05 1.697237493E+03 2.552614288E+07
 3.722176225E+07 3.075102691E+02 4.853177633E-05 1.662382245E+03 2.568106831E+07
 3.754988842E+07 2.919550742E+02 4.625296338E-05 1.627526997E+03 2.583897557E+07
 3.787801458E+07 2.771425988E+02 4.406958770E-05 1.592671749E+03 2.599983960E+07
 3.820614075E+07 2.630338603E+02 4.197826432E-05 1.557816502E+03 2.616383494E+07
 3.853426692E+07 2.495905175E+02 3.997569752E-05 1.522961254E+03 2.633109769E+07
 3.886239309E+07 2.367825988E+02 3.805868003E-05 1.488106006E+03 2.650177233E+07
 3.919051926E+07 2.246006471E+02 3.622409205E-05 1.453250758E+03 2.667606947E+07
 3.951864543E+07 2.130076531E+02 3.446890032E-05 1.418395510E+03 2.685398972E+07
 3.984677160E+07 2.019667171E+02 3.279015704E-05 1.383540262E+03 2.703593189E+07
 4.017489777E+07 1.914751927E+02 3.118499878E-05 1.348685014E+03 2.722191994E+07
 4.050302394E+07 1.815001457E+02 2.965064528E-05 1.313829767E+03 2.741221414E+07
 4.083115011E+07 1.720044781E+02 2.818439830E-05 1.278974519E+03 2.760709930E+07
 4.115927627E+07 1.630006612E+02 2.678364027E-05 1.244119271E+03 2.780671088E+07
 4.148740244E+07 1.544248802E+02 2.544583309E-05 1.209264023E+03 2.801133371E+07
 4.181552861E+07 1.462882108E+02 2.416851670E-05 1.174408775E+03 2.822131405E+07
 4.214365478E+07 1.385607679E+02 2.294930775E-05 1.139553527E+03 2.843693401E+07
 4.247178095E+07 1.312207656E+02 2.178589819E-05 1.104698280E+03 2.865844059E+07
 4.279990712E+07 1.242568175E+02 2.067605386E-05 1.069843032E+03 2.888633783E+07
 4.312803329E+07 1.176482542E+02 1.961761297E-05 1.034987784E+03 2.912095808E+07
 4.345615946E+07 1.113791042E+02 1.860848473E-05 1.000132536E+03 2.936274729E+07
 4.378428563E+07 1.054327176E+02 1.764664775E-05 9.652772881E+02 2.961211287E+07
 4.411241179E+07 9.979596557E+01 1.673014864E-05 9.304220403E+02 2.986974888E+07
 4.444053796E+07 9.445078699E+01 1.585710043E-05 8.955667924E+02 3.013618117E+07
 4.476866413E+07 8.938511767E+01 1.502568107E-05 8.607115446E+02 3.041209623E+07
 4.509679030E+07 8.458579378E+01 1.423413193E-05 8.258562967E+02 3.069821869E+07
 4.542491647E+07 8.003938997E+01 1.348075626E-05 7.910010489E+02 3.099541094E+07
 4.575304264E+07 7.573385264E+01 1.276391766E-05 7.561458010E+02 3.130472706E+07
 4.608116881E+07 7.164964316E+01 1.208203855E-05 7.212905532E+02 3.162707977E+07
 4.640929498E+07 6.779903408E+01 1.143359869E-05 6.864353053E+02 3.196380220E+07
 4.673742115E+07 6.414809063E+01 1.081713366E-05 6.515800575E+02 3.231645526E+07
 4.706554731E+07 6.069451802E+01 1.023123333E-05 6.167248096E+02 3.268657912E+07
 4.739367348E+07 5.742768300E+01 9.674540411E-06 5.818695618E+02 3.307620830E+07
 4.772179965E+07 5.434953659E+01 9.145748968E-06 5.470143139E+02 3.348763387E+07
 4.804992582E+07 5.142049480E+01 8.643602951E-06 5.121590661E+02 3.392363098E+07
 4.837805199E+07 4.867174965E+01 8.166894762E-06 4.773038182E+02 3.438768980E+07
 4.870617816E+07 4.606468497E+01 7.714463819E-06 4.424485704E+02 3.488380734E+07
 4.903430433E+07 4.360152529E+01 7.285195153E-06 4.075933225E+02 3.541703179E+07
 4.936243050E+07 4.128614737E+01 6.878018015E-06 3.727380747E+02 3.599382855E+07
 4.969055667E+07 3.908676547E+01 6.491904508E-06 3.378828268E+02 3.662289837E+07
 5.001868283E+07 3.702436889E+01 6.125868240E-06 3.030275790E+02 3.731458827E+07
 5.034680900E+07 3.506851260E+01 5.778963001E-06 2.681723311E+02 3.808450982E+07
 5.067493517E+07 3.322269210E+01 5.450281458E-06 2.333170833E+02 3.895414895E+07
 5.100306134E+07 3.149235071E+01 5.138953878E-06 1.984618354E+02 3.995457420E+07
 5.133118751E+07 2.985234033E+01 4.844146880E-06 1.636065876E+02 4.113637773E+07
 5.165931368E+07 2.830439233E+01 4.565062199E-06 1.287513397E+02 4.258615873E+07
 5.198743985E+07 2.685635680E+01 4.300935491E-06 9.389609186E+01 4.447540514E+07
 5.231556602E+07 2.548139089E+01 4.051035150E-06 5.904084401E+01 4.722989361E+07
 5.264369219E+07 2.418559616E+01 3.814661162E-06 2.418559616E+01 5.264369219E+07
 5.304968425E+07 2.263565252E+01 3.701222298E-06 2.394381004E+01 5.270540264E+07
 5.345567631E+07 2.117852388E+01 3.479033440E-06 2.370202392E+01 5.276769145E+07
 5.386166837E+07 1.980907596E+01 3.269109343E-06 2.346023780E+01 5.283058291E+07
 5.426766043E+07 1.852245163E+01 3.070843845E-06 2.321845168E+01 5.289407747E+07
 5.467365249E+07 1.731408195E+01 2.883656283E-06 2.297666556E+01 5.295818740E+07
 5.507964456E+07 1.617959074E+01 2.706990683E-06 2.273487944E+01 5.302292541E+07
 5.548563662E+07 1.511470096E+01 2.540314974E-06 2.249309332E+01 5.308831377E+07
 5.589162868E+07 1.411559052E+01 2.383120198E-06 2.225130720E+01 5.315435051E+07
 5.629762074E+07 1.317844003E+01 2.234919743E-06 2.200952108E+01 5.322106514E+07
 5.670361280E+07 1.229971029E+01 2.095248579E-06 2.176773496E+01 5.328846515E+07
 5.710960487E+07 1.147603829E+01 1.963662510E-06 2.152594884E+01 5.335656543E+07
 5.751559693E+07 1.070419758E+01 1.839737442E-06 2.128416271E+01 5.342538130E+07
 5.792158899E+07 9.981224696E+00 1.723068661E-06 2.104237659E+01 5.349492863E+07
 5.832758105E+07 9.304180369E+00 1.613270127E-06 2.080059047E+01 5.356521283E+07
 5.873357311E+07 8.670369126E+00 1.509973780E-06 2.055880435E+01 5.363627559E+07
 5.913956517E+07 8.077263507E+00 1.412828866E-06 2.031701823E+01 5.370811520E+07
 5.954555724E+07 7.522404879E+00 1.321501275E-06 2.007523211E+01 5.378075546E+07
 5.995154930E+07 7.003488288E+00 1.235672898E-06 1.983344599E+01 5.385421777E+07
 6.035754136E+07 6.518339068E+00 1.155040996E-06 1.959165987E+01 5.392851049E+07
 6.076353342E+07 6.064948619E+00 1.079317585E-06 1.934987375E+01 5.400367077E+07
 6.116952548E+07 5.641339522E+00 1.008228847E-06 1.910808763E+01 5.407971113E+07
 6.157551754E+07 5.245668283E+00 9.415145406E-07 1.886630151E+01 5.415665330E+07
 6.198150961E+07 4.876282107E+00 8.789274450E-07 1.862451539E+01 5.423451623E+07
 6.238750167E+07 4.531490931E+00 8.202328088E-07 1.838272927E+01 5.431332544E+07
 6.279349373E+07 4.209750071E+00 7.652078207E-07 1.814094315E+01 5.439311203E+07
 6.319948579E+07 3.909691312E+00 7.136410952E-07 1.789915703E+01 5.447389302E+07
 6.360547785E+07 3.629850186E+00 6.653321739E-07 1.765737091E+01 5.455568857E+07
 6.401146992E+07 3.369046155E+00 6.200910443E-07 1.741558479E+01 5.463854775E+07
 6.441746198E+07 3.125959690E+00 5.777376732E-07 1.717379867E+01 5.472248672E+07
 6.482345404E+07 2.899535876E+00 5.381015565E-07 1.693201255E+01 5.480753521E+07
 6.522944610E+07 2.688679373E+00 5.010212848E-07 1.669022643E+01 5.489372421E+07
 6.563543816E+07 2.492404682E+00 4.663441234E-07 1.644844031E+01 5.498108602E+07
 6.604143022E+07 2.309709297E+00 4.339256086E-07 1.620665419E+01 5.506965437E+07
 6.644742229E+07 2.139780624E+00 4.036291577E-07 1.596486807E+01 5.515945227E+07
 6.685341435E+07 1.981694737E+00 3.753256941E-07 1.572308195E+01 5.525053737E+07
 6.725940641E+07 1.834763072E+00 3.488932865E-07 1.548129582E+01 5.534293961E+07
 6.766539847E+07 1.698165044E+00 3.242168020E-07 1.523950970E+01 5.543669181E+07
 6.807139053E+07 1.571286017E+00 3.011875729E-07 1.499772358E+01 5.553185413E+07
 6.847738259E+07 1.453420115E+00 2.797030765E-07 1.475593746E+01 5.562846007E+07
 6.888337466E+07 1.343958131E+00 2.596666286E-07 1.451415134E+01 5.572654097E+07
 6.928936672E+07 1.242377464E+00 2.409870882E-07 1.427236522E+01 5.582617927E+07
 6.969535878E+07 1.148128685E+00 2.235785763E-07 1.403057910E+01 5.592739940E+07
 7.010135084E+07 1.060677869E+00 2.073602050E-07 1.378879298E+01 5.603025896E+07
 7.050734290E+07 9.796110310E-01 1.922558194E-07 1.354700686E+01 5.613481811E+07
 7.091333496E+07 9.044301143E-01 1.781937499E-07 1.330522074E+01 5.624114444E+07
 7.131932703E+07 8.347650328E-01 1.651065757E-07 1.306343462E+01 5.634929270E+07
 7.172531909E+07 7.702257432E-01 1.529308995E-07 1.282164850E+01 5.645931171E+07
 7.213131115E+07 7.104821119E-01 1.416071308E-07 1.257986238E+01 5.657131026E+07
 7.253730321E+07 6.551329489E-01 1.310792812E-07 1.233807626E+01 5.668532760E+07
 7.294329527E+07 6.039585604E-01 1.212947672E-07 1.209629014E+01 5.680145005E+07
 7.334928734E+07 5.565772280E-01 1.122042237E-07 1.185450402E+01 5.691977848E+07
 7.375527940E+07 5.127559285E-01 1.037613253E-07 1.161271790E+01 5.704038741E+07
 7.416127146E+07 4.722331650E-01 9.592261731E-08 1.137093178E+01 5.716335138E+07
 7.456726352E+07 4.347843848E-01 8.864735354E-08 1.112914566E+01 5.728881176E+07
 7.497325558E+07 4.001813766E-01 8.189734332E-08 1.088735954E+01 5.741683484E+07
 7.537924764E+07 3.682206706E-01 7.563680538E-08 1.064557342E+01 5.754754636E+07
 7.578523971E+07 3.386865056E-01 6.983222924E-08 1.040378730E+01 5.768108265E+07
 7.619123177E+07 3.114650446E-01 6.445224362E-08 1.016200118E+01 5.781754714E+07
 7.659722383E+07 2.863193499E-01 5.946749156E-08 9.920215055E+00 5.795710059E+07
 7.700321589E+07 2.631225175E-01 5.485051198E-08 9.678428935E+00 5.809987913E+07
 7.740920795E+07 2.417137856E-01 5.057562741E-08 9.436642815E+00 5.824601598E+07
 7.781520001E+07 2.219982482E-01 4.661883761E-08 9.194856694E+00 5.839570993E+07
 7.822119208E+07 2.038361014E-01 4.295771889E-08 8.953070574E+00 5.854916521E+07
 7.862718414E+07 1.871040900E-01 3.957132873E-08 8.711284453E+00 5.870653417E+07
 7.903317620E+07 1.716768456E-01 3.644011569E-08 8.469498333E+00 5.886808054E+07
 7.943916826E+07 1.574768754E-01 3.354583406E-08 8.227712212E+00 5.903398907E+07
 7.984516032E+07 1.444089112E-01 3.087146341E-08 7.985926092E+00 5.920456470E+07
 8.025115239E+07 1.323578674E-01 2.840113243E-08 7.744139972E+00 5.938003218E+07
 8.065714445E+07 1.213127611E-01 2.612004711E-08 7.502353851E+00 5.956075049E+07
 8.106313651E+07 1.111530303E-01 2.401442300E-08 7.260567731E+00 5.974699678E+07
 8.146912857E+07 1.018040506E-01 2.207142128E-08 7.018781610E+00 5.993917853E+07
 8.187512063E+07 9.319960697E-02 2.027908849E-08 6.776995490E+00 6.013769423E+07
 8.228111269E+07 8.531987584E-02 1.862629980E-08 6.535209370E+00 6.034295181E+07
 8.268710476E+07 7.807681010E-02 1.710270556E-08 6.293423249E+00 6.055551886E+07
 8.309309682E+07 7.138336709E-02 1.569868095E-08 6.051637129E+00 6.077588076E+07
 8.349908888E+07 6.530836159E-02 1.440527868E-08 5.809851008E+00 6.100467537E+07
 8.390508094E+07 5.969924787E-02 1.321418451E-08 5.568064888E+00 6.124264744E+07
 8.431107300E+07 5.455582551E-02 1.211767532E-08 5.326278767E+00 6.149054072E+07
 8.471706506E+07 4.984785037E-02 1.110857994E-08 5.084492647E+00 6.174925559E+07
 8.512305713E+07 4.552999529E-02 1.018024214E-08 4.842706527E+00 6.201984002E+07
 8.552904919E+07 4.155821308E-02 9.326486071E-09 4.600920406E+00 6.230344850E+07
 8.593504125E+07 3.794352481E-02 8.541583724E-09 4.359134286E+00 6.260149485E+07
 8.634103331E+07 3.463068997E-02 7.820224499E-09 4.117348165E+00 6.291553627E+07
 8.674702537E+07 3.158254146E-02 7.157486635E-09 3.875562045E+00 6.324750051E+07
 8.715301743E+07 2.879161237E-02 6.548810470E-09 3.633775925E+00 6.359957931E+07
 8.755900950E+07 2.624694956E-02 5.989973386E-09 3.391989804E+00 6.397458050E+07
 8.796500156E+07 2.393960251E-02 5.477066370E-09 3.150203684E+00 6.437564190E+07
 8.837099362E+07 2.179617390E-02 5.006472087E-09 2.908417563E+00 6.480700217E+07
 8.877698568E+07 1.987624575E-02 4.574844365E-09 2.666631443E+00 6.527365448E+07
 8.918297774E+07 1.806982847E-02 4.179089031E-09 2.424845322E+00 6.578219252E+07
 8.958896981E+07 1.647454079E-02 3.816346002E-09 2.183059202E+00 6.634125745E+07
 8.999496187E+07 1.500127329E-02 3.483972563E-09 1.941273082E+00 6.696223379E+07
 9.040095393E+07 1.363854676E-02 3.179527754E-09 1.699486961E+00 6.766132089E+07
 9.080694599E+07 1.238932110E-02 2.900757810E-09 1.457700841E+00 6.846209152E+07
 9.121293805E+07 1.128264367E-02 2.645582576E-09 1.215914720E+00 6.940029702E+07
 9.161893011E+07 1.025012560E-02 2.412082849E-09 9.741286000E-01 7.053595832E+07
 9.202492218E+07 9.303173360E-03 2.198488574E-09 7.323424796E-01 7.197912687E+07
 9.243091424E+07 8.465908542E-03 2.003167865E-09 4.905563592E-01 7.397373233E+07
 9.283690630E+07 7.695217058E-03 1.824616771E-09 2.487702388E-01 7.727194417E+07
 9.324289836E+07 6.984118339E-03 1.661449755E-09 6.984118339E-03 9.324289800E+07
 9.331273954E+07 6.914277156E-03 1.000000000E-09 6.914277156E-03 9.331273950E+07
 9.338258073E+07 6.844435972E-03 1.000000000E-09 6.844435972E-03 9.338258081E+07
 9.345242191E+07 6.774594789E-03 1.000000000E-09 6.774594789E-03 9.345242187E+07
 9.352226309E+07 6.704753606E-03 1.000000000E-09 6.704753606E-03 9.352226312E+07
 9.359210428E+07 6.634912422E-03 1.000000000E-09 6.634912422E-03 9.359210400E+07
 9.366194546E+07 6.565071239E-03 1.000000000E-09 6.565071239E-03 9.366194544E+07
 9.373178664E+07 6.495230056E-03 1.000000000E-09 6.495230056E-03 9.373178800E+07
 9.380162783E+07 6.425388872E-03 1.000000000E-09 6.425388872E-03 9.380162900E+07
 9.387146901E+07 6.355547689E-03 1.000000000E-09 6.355547689E-03 9.387146901E+07
 9.394131019E+07 6.285706505E-03 1.000000000E-09 6.285706505E-03 9.394131012E+07
 9.401115138E+07 6.215865322E-03 1.000000000E-09 6.215865322E-03 9.401122468E+07
 9.408099256E+07 6.146024139E-03 1.000000000E-09 6.146024139E-03 9.408100828E+07
 9.415083375E+07 6.076182955E-03 1.000000000E-09 6.076182955E-03 9.415091200E+07
 9.422067493E+07 6.006341772E-03 1.000000000E-09 6.006341772E-03 9.422067500E+07
 9.429051611E+07 5.936500588E-03 1.000000000E-09 5.936500588E-03 9.429060206E+07
 9.436035730E+07 5.866659405E-03 1.000000000E-09 5.866659405E-03 9.436035700E+07
 9.443019848E+07 5.796818222E-03 1.000000000E-09 5.796818222E-03 9.443019848E+07
 9.450003966E+07 5.726977038E-03 1.000000000E-09 5.726977038E-03 9.450006400E+07
 9.456988085E+07 5.657135855E-03 1.000000000E-09 5.657135855E-03 9.456994699E+07
 9.463972203E+07 5.587294671E-03 1.000000000E-09 5.587294671E-03 9.463972200E+07
 9.470956321E+07 5.517453488E-03 1.000000000E-09 5.517453488E-03 9.470956319E+07
 9.477940440E+07 5.447612305E-03 1.000000000E-09 5.447612305E-03 9.477940400E+07
 9.484924558E+07 5.377771121E-03 1.000000000E-09 5.377771121E-03 9.484924500E+07
 9.491908676E+07 5.307929938E-03 1.000000000E-09 5.307929938E-03 9.491908676E+07
 9.498892795E+07 5.238088754E-03 1.000000000E-09 5.238088754E-03 9.498892800E+07
 9.505876913E+07 5.168247571E-03 1.000000000E-09 5.168247571E-03 9.505876919E+07
 9.512861031E+07 5.098406388E-03 1.000000000E-09 5.098406388E-03 9.512861000E+07
 9.519845150E+07 5.028565204E-03 1.000000000E-09 5.028565204E-03 9.519845200E+07
 9.526829268E+07 4.958724021E-03 1.000000000E-09 4.958724021E-03 9.526829300E+07
 9.533813386E+07 4.888882837E-03 1.000000000E-09 4.888882837E-03 9.533813600E+07
 9.540797505E+07 4.819041654E-03 1.000000000E-09 4.819041654E-03 9.540797500E+07
 9.547781623E+07 4.749200471E-03 1.000000000E-09 4.749200471E-03 9.547781623E+07
 9.554765741E+07 4.679359287E-03 1.000000000E-09 4.679359287E-03 9.554765600E+07
 9.561749860E+07 4.609518104E-03 1.000000000E-09 4.609518104E-03 9.561749869E+07
 9.568733978E+07 4.539676921E-03 1.000000000E-09 4.539676921E-03 9.568733978E+07
 9.575718096E+07 4.469835737E-03 1.000000000E-09 4.469835737E-03 9.575718200E+07
 9.582702215E+07 4.399994554E-03 1.000000000E-09 4.399994554E-03 9.582702215E+07
 9.589686333E+07 4.330153370E-03 1.000000000E-09 4.330153370E-03 9.589686331E+07
 9.596670451E+07 4.260312187E-03 1.000000000E-09 4.260312187E-03 9.596675663E+07
 9.603654570E+07 4.190471004E-03 1.000000000E-09 4.190471004E-03 9.603654400E+07
 9.610638688E+07 4.120629820E-03 1.000000000E-09 4.120629820E-03 9.610638675E+07
 9.617622806E+07 4.050788637E-03 1.000000000E-09 4.050788637E-03 9.617622400E+07
 9.624606925E+07 3.980947453E-03 1.000000000E-09 3.980947453E-03 9.624607000E+07
 9.631591043E+07 3.911106270E-03 1.000000000E-09 3.911106270E-03 9.631591043E+07
 9.638575161E+07 3.841265087E-03 1.000000000E-09 3.841265087E-03 9.638572800E+07
 9.645559280E+07 3.771423903E-03 1.000000000E-09 3.771423903E-03 9.645559256E+07
 9.652543398E+07 3.701582720E-03 1.000000000E-09 3.701582720E-03 9.652543400E+07
 9.659527516E+07 3.631741536E-03 1.000000000E-09 3.631741536E-03 9.659526400E+07
 9.666511635E+07 3.561900353E-03 1.000000000E-09 3.561900353E-03 9.666512000E+07
 9.673495753E+07 3.492059170E-03 1.000000000E-09 3.492059170E-03 9.673495753E+07
 9.680479871E+07 3.422217986E-03 1.000000000E-09 3.422217986E-03 9.680486400E+07
 9.687463990E+07 3.352376803E-03 1.000000000E-09 3.352376803E-03 9.687463975E+07
 9.694448108E+07 3.282535619E-03 1.000000000E-09 3.282535619E-03 9.694448000E+07
 9.701432226E+07 3.212694436E-03 1.000000000E-09 3.212694436E-03 9.701432231E+07
 9.708416345E+07 3.142853253E-03 1.000000000E-09 3.142853253E-03 9.708416372E+07
 9.715400463E+07 3.073012069E-03 1.000000000E-09 3.073012069E-03 9.715400000E+07
 9.722384581E+07 3.003170886E-03 1.000000000E-09 3.003170886E-03 9.722384587E+07
 9.729368700E+07 2.933329702E-03 1.000000000E-09 2.933329702E-03 9.729368600E+07
 9.736352818E+07 2.863488519E-03 1.000000000E-09 2.863488519E-03 9.736352900E+07
 9.743336936E+07 2.793647336E-03 1.000000000E-09 2.793647336E-03 9.743336000E+07
 9.750321055E+07 2.723806152E-03 1.000000000E-09 2.723806152E-03 9.750323200E+07
 9.757305173E+07 2.653964969E-03 1.000000000E-09 2.653964969E-03 9.757305200E+07
 9.764289291E+07 2.584123786E-03 1.000000000E-09 2.584123786E-03 9.764289300E+07
 9.771273410E+07 2.514282602E-03 1.000000000E-09 2.514282602E-03 9.771273600E+07
 9.778257528E+07 2.444441419E-03 1.000000000E-09 2.444441419E-03 9.778257600E+07
 9.785241646E+07 2.374600235E-03 1.000000000E-09 2.374600235E-03 9.785241650E+07
 9.792225765E+07 2.304759052E-03 1.000000000E-09 2.304759052E-03 9.792230400E+07
 9.799209883E+07 2.234917869E-03 1.000000000E-09 2.234917869E-03 9.799209800E+07
 9.806194002E+07 2.165076685E-03 1.000000000E-09 2.165076685E-03 9.806194000E+07
 9.813178120E+07 2.095235502E-03 1.000000000E-09 2.095235502E-03 9.813178200E+07
 9.820162238E+07 2.025394318E-03 1.000000000E-09 2.025394318E-03 9.820160000E+07
 9.827146357E+07 1.955553135E-03 1.000000000E-09 1.955553135E-03 9.827148800E+07
 9.834130475E+07 1.885711952E-03 1.000000000E-09 1.885711952E-03 9.834130481E+07
 9.841114593E+07 1.815870768E-03 1.000000000E-09 1.815870768E-03 9.841114500E+07
 9.848098712E+07 1.746029585E-03 1.000000000E-09 1.746029585E-03 9.848098600E+07
 9.855082830E+07 1.676188401E-03 1.000000000E-09 1.676188401E-03 9.855083200E+07
 9.862066948E+07 1.606347218E-03 1.000000000E-09 1.606347218E-03 9.862067200E+07
 9.869051067E+07 1.536506035E-03 1.000000000E-09 1.536506035E-03 9.869051000E+07
 9.876035185E+07 1.466664851E-03 1.000000000E-09 1.466664851E-03 9.876035200E+07
 9.883019303E+07 1.396823668E-03 1.000000000E-09 1.396823668E-03 9.883019200E+07
 9.890003422E+07 1.326982484E-03 1.000000000E-09 1.326982484E-03 9.890003200E+07
 9.896987540E+07 1.257141301E-03 1.000000000E-09 1.257141301E-03 9.896987500E+07
 9.903971658E+07 1.187300118E-03 1.000000000E-09 1.187300118E-03 9.903971650E+07
 9.910955777E+07 1.117458934E-03 1.000000000E-09 1.117458934E-03 9.910955600E+07
 9.917939895E+07 1.047617751E-03 1.000000000E-09 1.047617751E-03 9.917939894E+07
 9.924924013E+07 9.777765675E-04 1.000000000E-09 9.777765675E-04 9.924924013E+07
 9.931908132E+07 9.079353841E-04 1.000000000E-09 9.079353841E-04 9.931908100E+07
 9.938892250E+07 8.380942007E-04 1.000000000E-09 8.380942007E-04 9.938892800E+07
 9.945876368E+07 7.682530173E-04 1.000000000E-09 7.682530173E-04 9.945881600E+07
 9.952860487E+07 6.984118339E-04 1.000000000E-09 6.984118339E-04 9.952870400E+07
 9.959844605E+07 6.285706505E-04 1.000000000E-09 6.285706505E-04 9.959844605E+07
 9.966828723E+07 5.587294671E-04 1.000000000E-09 5.587294671E-04 9.966825600E+07
 9.973812842E+07 4.888882837E-04 1.000000000E-09 4.888882837E-04 9.973812900E+07
 9.980796960E+07 4.190471004E-04 1.000000000E-09 4.190471004E-04 9.980795200E+07
 9.987781078E+07 3.492059170E-04 1.000000000E-09 3.492059170E-04 9.987781300E+07
 9.994765197E+07 2.793647336E-04 1.000000000E-09 2.793647336E-04 9.994765100E+07
 1.000174932E+08 2.095235502E-04 1.000000000E-09 2.095235502E-04 1.000174720E+08
 1.000873343E+08 1.396823668E-04 1.000000000E-09 1.396823668E-04 1.000873280E+08
 1.001571755E+08 6.984118339E-05 1.000000000E-09 6.984118339E-05 1.001571840E+08
