DENSITY AND THICKNESS DATA OF THE ATMOSPHERE AT AN ZENITH ANGLE OF 90.0 DEGREES
 0.000000000E+00 3.647801283E+04 1.229805824E-03 3.647801283E+04 1.862645149E-09
 2.257786527E+05 3.620047529E+04 1.229756329E-03 3.623349251E+04 1.986485072E+05
 4.515573053E+05 3.592233153E+04 1.229607858E-03 3.598897218E+04 3.978072130E+05
 6.773359580E+05 3.564482409E+04 1.229360446E-03 3.574445185E+04 5.964810255E+05
 9.031146107E+05 3.536738572E+04 1.229014152E-03 3.549993153E+04 7.952009557E+05
 1.128893263E+06 3.509002814E+04 1.228569061E-03 3.525541120E+04 9.944409075E+05
 1.354671916E+06 3.481249366E+04 1.228025281E-03 3.501089087E+04 1.193184521E+06
 1.580450569E+06 3.453537186E+04 1.227382941E-03 3.476637054E+04 1.392539537E+06
 1.806229221E+06 3.425857461E+04 1.226642199E-03 3.452185022E+04 1.592005948E+06
 2.032007874E+06 3.398178012E+04 1.225803232E-03 3.427732989E+04 1.791070364E+06
 2.257786527E+06 3.370520603E+04 1.224866243E-03 3.403280956E+04 1.990247190E+06
 2.483565179E+06 3.342882608E+04 1.223831459E-03 3.378828924E+04 2.190030741E+06
 2.709343832E+06 3.315209033E+04 1.222699128E-03 3.354376891E+04 2.389476632E+06
 2.935122485E+06 3.287621068E+04 1.221469524E-03 3.329924858E+04 2.589058350E+06
 3.160901137E+06 3.260061412E+04 1.220142942E-03 3.305472825E+04 2.789281141E+06
 3.386679790E+06 3.232649477E+04 1.218719702E-03 3.281020793E+04 2.989683530E+06
 3.612458443E+06 3.205046302E+04 1.217200147E-03 3.256568760E+04 3.189852328E+06
 3.838237095E+06 3.177585566E+04 1.215584640E-03 3.232116727E+04 3.391010767E+06
 4.064015748E+06 3.150160836E+04 1.213873571E-03 3.207664695E+04 3.591130218E+06
 4.289794401E+06 3.122778353E+04 1.212067349E-03 3.183212662E+04 3.792355959E+06
 4.515573053E+06 3.095434864E+04 1.210166408E-03 3.158760629E+04 3.993308323E+06
 4.741351706E+06 3.068135365E+04 1.208171202E-03 3.134308596E+04 4.194540935E+06
 4.967130359E+06 3.040881020E+04 1.206082209E-03 3.109856564E+04 4.396503283E+06
 5.192909011E+06 3.013716643E+04 1.203899926E-03 3.085404531E+04 4.598757024E+06
 5.418687664E+06 2.986559857E+04 1.201624876E-03 3.060952498E+04 4.800792242E+06
 5.644466317E+06 2.959455475E+04 1.199257599E-03 3.036500466E+04 5.003143177E+06
 5.870244969E+06 2.932404589E+04 1.196798660E-03 3.012048433E+04 5.206639801E+06
 6.096023622E+06 2.905412219E+04 1.194248642E-03 2.987596400E+04 5.409494553E+06
 6.321802275E+06 2.878475481E+04 1.191608151E-03 2.963144367E+04 5.613478962E+06
 6.547580927E+06 2.851599369E+04 1.188877811E-03 2.938692335E+04 5.817186788E+06
 6.773359580E+06 2.824784927E+04 1.186058270E-03 2.914240302E+04 6.021781217E+06
 6.999138233E+06 2.798045018E+04 1.183150192E-03 2.889788269E+04 6.226755758E+06
 7.224916885E+06 2.771360870E+04 1.180154263E-03 2.865336236E+04 6.432143581E+06
 7.450695538E+06 2.744745347E+04 1.177071189E-03 2.840884204E+04 6.637433274E+06
 7.676474191E+06 2.718199435E+04 1.173901694E-03 2.816432171E+04 6.843256516E+06
 7.902252843E+06 2.691727996E+04 1.170646522E-03 2.791980138E+04 7.049943168E+06
 8.128031496E+06 2.665328099E+04 1.167306433E-03 2.767528106E+04 7.257096129E+06
 8.353810149E+06 2.639004574E+04 1.163882210E-03 2.743076073E+04 7.464744659E+06
 8.579588801E+06 2.612758355E+04 1.160374649E-03 2.718624040E+04 7.672891569E+06
 8.805367454E+06 2.586582042E+04 1.156784567E-03 2.694172007E+04 7.881578012E+06
 9.031146107E+06 2.560497113E+04 1.153112798E-03 2.669719975E+04 8.090113023E+06
 9.256924759E+06 2.534501434E+04 1.149360192E-03 2.645267942E+04 8.300005712E+06
 9.482703412E+06 2.508644683E+04 1.145527617E-03 2.620815909E+04 8.510322876E+06
 9.708482065E+06 2.482815270E+04 1.141615956E-03 2.596363877E+04 8.721287521E+06
 9.934260717E+06 2.457074137E+04 1.137626110E-03 2.571911844E+04 8.932797106E+06
 1.016003937E+07 2.431409340E+04 1.133558994E-03 2.547459811E+04 9.144325458E+06
 1.038581802E+07 2.405928725E+04 1.129415539E-03 2.523007778E+04 9.357078989E+06
 1.061159668E+07 2.380464287E+04 1.125196691E-03 2.498555746E+04 9.570509386E+06
 1.083737533E+07 2.355095038E+04 1.120903412E-03 2.474103713E+04 9.784623912E+06
 1.106315398E+07 2.329781906E+04 1.116536676E-03 2.449651680E+04 9.999434069E+06
 1.128893263E+07 2.304660331E+04 1.112097472E-03 2.425199648E+04 1.021498475E+07
 1.151471129E+07 2.279589101E+04 1.107586803E-03 2.400747615E+04 1.043125499E+07
 1.174048994E+07 2.254619063E+04 1.103005685E-03 2.376295582E+04 1.064829071E+07
 1.196626859E+07 2.229814709E+04 1.098355147E-03 2.351843549E+04 1.086610500E+07
 1.219204724E+07 2.205053206E+04 1.093636229E-03 2.327391517E+04 1.108481234E+07
 1.241782590E+07 2.180460573E+04 1.088849986E-03 2.302939484E+04 1.130425839E+07
 1.264360455E+07 2.155913727E+04 1.083997481E-03 2.278487451E+04 1.152455875E+07
 1.286938320E+07 2.131440968E+04 1.079079790E-03 2.254035419E+04 1.174626558E+07
 1.309516185E+07 2.107193280E+04 1.074098002E-03 2.229583386E+04 1.196835270E+07
 1.332094051E+07 2.082980649E+04 1.069053212E-03 2.205131353E+04 1.219134012E+07
 1.354671916E+07 2.058882465E+04 1.063946529E-03 2.180679320E+04 1.241583872E+07
 1.377249781E+07 2.034901745E+04 1.058779070E-03 2.156227288E+04 1.264074315E+07
 1.399827647E+07 2.011095966E+04 1.053551961E-03 2.131775255E+04 1.286631755E+07
 1.422405512E+07 1.987347446E+04 1.048266337E-03 2.107323222E+04 1.309396534E+07
 1.444983377E+07 1.963790216E+04 1.042923342E-03 2.082871190E+04 1.332195329E+07
 1.467561242E+07 1.940281347E+04 1.037524128E-03 2.058419157E+04 1.355102711E+07
 1.490139108E+07 1.916895290E+04 1.032069854E-03 2.033967124E+04 1.378123279E+07
 1.512716973E+07 1.893632950E+04 1.026561687E-03 2.009515091E+04 1.401311809E+07
 1.535294838E+07 1.870556787E+04 1.021000799E-03 1.985063059E+04 1.424618889E+07
 1.557872703E+07 1.847526864E+04 1.015388371E-03 1.960611026E+04 1.447998045E+07
 1.580450569E+07 1.824718656E+04 1.009725588E-03 1.936158993E+04 1.471492228E+07
 1.603028434E+07 1.801959685E+04 1.004013641E-03 1.911706961E+04 1.495170613E+07
 1.625606299E+07 1.779379729E+04 9.982537272E-04 1.887254928E+04 1.518980483E+07
 1.648184164E+07 1.756879718E+04 9.924470467E-04 1.862802895E+04 1.542868350E+07
 1.670762030E+07 1.734512379E+04 9.865948052E-04 1.838350862E+04 1.566950360E+07
 1.693339895E+07 1.712335728E+04 9.806982119E-04 1.813898830E+04 1.591174555E+07
 1.715917760E+07 1.690295969E+04 9.747584795E-04 1.789446797E+04 1.615492632E+07
 1.738495626E+07 1.668325737E+04 9.687768237E-04 1.764994764E+04 1.639993032E+07
 1.761073491E+07 1.646492167E+04 9.627544630E-04 1.740542732E+04 1.664649816E+07
 1.783651356E+07 1.624863851E+04 9.566926180E-04 1.716090699E+04 1.689498699E+07
 1.806229221E+07 1.603284820E+04 9.505925112E-04 1.691638666E+04 1.714495094E+07
 1.828807087E+07 1.581938273E+04 9.444553667E-04 1.667186633E+04 1.739657076E+07
 1.851384952E+07 1.560652427E+04 9.382824094E-04 1.642734601E+04 1.764991831E+07
 1.873962817E+07 1.539568052E+04 9.320748649E-04 1.618282568E+04 1.790513438E+07
 1.896540682E+07 1.518544165E+04 9.258339590E-04 1.593830535E+04 1.816189503E+07
 1.919118548E+07 1.497755474E+04 9.195609175E-04 1.569378503E+04 1.842088820E+07
 1.941696413E+07 1.477030942E+04 9.132569655E-04 1.544926470E+04 1.868228995E+07
 1.964274278E+07 1.456489196E+04 9.069233273E-04 1.520474437E+04 1.894501319E+07
 1.986852143E+07 1.436109558E+04 9.005612257E-04 1.496022404E+04 1.920979444E+07
 2.009430009E+07 1.415873704E+04 8.941718818E-04 1.471570372E+04 1.947711353E+07
 2.032007874E+07 1.395722363E+04 8.877565147E-04 1.447118339E+04 1.974616830E+07
 2.054585739E+07 1.375714742E+04 8.813163411E-04 1.422666306E+04 2.001811643E+07
 2.077163605E+07 1.355894809E+04 8.748525746E-04 1.398214274E+04 2.029241462E+07
 2.099741470E+07 1.336254013E+04 8.683664259E-04 1.373762241E+04 2.056837933E+07
 2.122319335E+07 1.316692785E+04 8.618591019E-04 1.349310208E+04 2.084749308E+07
 2.144897200E+07 1.297327874E+04 8.553318056E-04 1.324858175E+04 2.112856804E+07
 2.167475066E+07 1.278110216E+04 8.487857357E-04 1.300406143E+04 2.141282640E+07
 2.190052931E+07 1.258981891E+04 8.422220864E-04 1.275954110E+04 2.169979731E+07
 2.212630796E+07 1.240058428E+04 8.356420466E-04 1.251502077E+04 2.198958331E+07
 2.235208661E+07 1.221284366E+04 8.290468003E-04 1.227050045E+04 2.228223542E+07
 2.257786527E+07 1.202598012E+04 8.224375253E-04 1.202598012E+04 2.257786527E+07
 2.270915804E+07 1.191743436E+04 8.223778136E-04 1.194530131E+04 2.267562183E+07
 2.284045080E+07 1.180947370E+04 8.179963415E-04 1.186462249E+04 2.277376141E+07
 2.297174357E+07 1.170284350E+04 8.136131888E-04 1.178394368E+04 2.287230905E+07
 2.310303634E+07 1.159679791E+04 8.092286341E-04 1.170326487E+04 2.297123079E+07
 2.323432911E+07 1.149054269E+04 8.048429544E-04 1.162258605E+04 2.307055184E+07
 2.336562188E+07 1.138486290E+04 8.004564254E-04 1.154190724E+04 2.317027535E+07
 2.349691465E+07 1.128053375E+04 7.960693214E-04 1.146122843E+04 2.327041194E+07
 2.362820742E+07 1.117527456E+04 7.916819151E-04 1.138054962E+04 2.337095762E+07
 2.375950019E+07 1.107248084E+04 7.872944779E-04 1.129987080E+04 2.347192321E+07
 2.389079295E+07 1.096909972E+04 7.829072796E-04 1.121919199E+04 2.357331228E+07
 2.402208572E+07 1.086630396E+04 7.785205884E-04 1.113851318E+04 2.367426531E+07
 2.415337849E+07 1.076432566E+04 7.741346712E-04 1.105783436E+04 2.377791669E+07
 2.428467126E+07 1.066349275E+04 7.697497931E-04 1.097715555E+04 2.388061116E+07
 2.441596403E+07 1.056319480E+04 7.653662176E-04 1.089647674E+04 2.398375155E+07
 2.454725680E+07 1.046267494E+04 7.609842068E-04 1.081579792E+04 2.408740816E+07
 2.467854957E+07 1.036274321E+04 7.566040208E-04 1.073511911E+04 2.419179506E+07
 2.480984234E+07 1.026415717E+04 7.522259183E-04 1.065444030E+04 2.429630982E+07
 2.494113510E+07 1.016538217E+04 7.478501562E-04 1.057376149E+04 2.440129686E+07
 2.507242787E+07 1.006716975E+04 7.434769898E-04 1.049308267E+04 2.450676075E+07
 2.520372064E+07 9.970293111E+03 7.391066726E-04 1.041240386E+04 2.461372160E+07
 2.533501341E+07 9.873229549E+03 7.347394563E-04 1.033172505E+04 2.471915342E+07
 2.546630618E+07 9.776740527E+03 7.303755908E-04 1.025104623E+04 2.482708154E+07
 2.559759895E+07 9.681574657E+03 7.260153243E-04 1.017036742E+04 2.493454391E+07
 2.572889172E+07 9.586285182E+03 7.216589031E-04 1.008968861E+04 2.504248840E+07
 2.586018449E+07 9.492265052E+03 7.173065718E-04 1.000900980E+04 2.515095312E+07
 2.599147725E+07 9.398050891E+03 7.129585731E-04 9.928330983E+03 2.525994364E+07
 2.612277002E+07 9.305179477E+03 7.086151476E-04 9.847652170E+03 2.537050647E+07
 2.625406279E+07 9.212098392E+03 7.042765343E-04 9.766973357E+03 2.548056126E+07
 2.638535556E+07 9.119591972E+03 6.999429702E-04 9.686294544E+03 2.559117318E+07
 2.651664833E+07 9.028430252E+03 6.956146903E-04 9.605615732E+03 2.570242338E+07
 2.664794110E+07 8.937052828E+03 6.912919277E-04 9.524936919E+03 2.581415030E+07
 2.677923387E+07 8.846255943E+03 6.869749137E-04 9.444258106E+03 2.592752000E+07
 2.691052664E+07 8.756765330E+03 6.826638773E-04 9.363579293E+03 2.603934174E+07
 2.704181940E+07 8.667855386E+03 6.783590458E-04 9.282900480E+03 2.615386323E+07
 2.717311217E+07 8.578180446E+03 6.740606443E-04 9.202221667E+03 2.626792673E+07
 2.730440494E+07 8.490437792E+03 6.697688960E-04 9.121542854E+03 2.638260038E+07
 2.743569771E+07 8.403215622E+03 6.654840221E-04 9.040864041E+03 2.649899204E+07
 2.756699048E+07 8.315780096E+03 6.612062415E-04 8.960185228E+03 2.661490493E+07
 2.769828325E+07 8.228909224E+03 6.569357714E-04 8.879506415E+03 2.673144835E+07
 2.782957602E+07 8.143357795E+03 6.526728265E-04 8.798827603E+03 2.684976058E+07
 2.796086879E+07 8.057615215E+03 6.484176199E-04 8.718148790E+03 2.696760129E+07
 2.809216155E+07 7.973182827E+03 6.441703621E-04 8.637469977E+03 2.708610385E+07
 2.822345432E+07 7.888532983E+03 6.399312618E-04 8.556791164E+03 2.720567091E+07
 2.835474709E+07 7.805211131E+03 6.357005255E-04 8.476112351E+03 2.732554174E+07
 2.848603986E+07 7.721672805E+03 6.314783576E-04 8.395433538E+03 2.744724137E+07
 2.861733263E+07 7.638695840E+03 6.272649603E-04 8.314754725E+03 2.756852153E+07
 2.874862540E+07 7.557082215E+03 6.230605335E-04 8.234075912E+03 2.769051702E+07
 2.887991817E+07 7.475973169E+03 6.188652753E-04 8.153397099E+03 2.781439336E+07
 2.901121094E+07 7.394631212E+03 6.146793811E-04 8.072718287E+03 2.793788774E+07
 2.914250370E+07 7.313843227E+03 6.105030447E-04 7.992039474E+03 2.806211705E+07
 2.927379647E+07 7.234365886E+03 6.063364572E-04 7.911360661E+03 2.818828406E+07
 2.940508924E+07 7.154682253E+03 6.021798078E-04 7.830681848E+03 2.831406156E+07
 2.953638201E+07 7.076295936E+03 5.980332834E-04 7.750003035E+03 2.844064667E+07
 2.966767478E+07 6.997679952E+03 5.938970686E-04 7.669324222E+03 2.856920365E+07
 2.979896755E+07 6.920375043E+03 5.897713458E-04 7.588645409E+03 2.869873300E+07
 2.993026032E+07 6.842844467E+03 5.856562953E-04 7.507966596E+03 2.882776220E+07
 3.006155309E+07 6.765864158E+03 5.815520950E-04 7.427287783E+03 2.895765279E+07
 3.019284585E+07 6.690471874E+03 5.774589205E-04 7.346608970E+03 2.908965094E+07
 3.032413862E+07 6.614545710E+03 5.733769455E-04 7.265930158E+03 2.922129029E+07
 3.045543139E+07 6.539925169E+03 5.693063409E-04 7.185251345E+03 2.935511077E+07
 3.058672416E+07 6.465067619E+03 5.652472759E-04 7.104572532E+03 2.948856212E+07
 3.071801693E+07 6.391510181E+03 5.611999169E-04 7.023893719E+03 2.962422328E+07
 3.084930970E+07 6.317707873E+03 5.571644285E-04 6.943214906E+03 2.975956575E+07
 3.098060247E+07 6.245216238E+03 5.531409726E-04 6.862536093E+03 2.989715915E+07
 3.111189524E+07 6.172473219E+03 5.491297092E-04 6.781857280E+03 3.003445558E+07
 3.124318800E+07 6.101019531E+03 5.451307957E-04 6.701178467E+03 3.017318908E+07
 3.137448077E+07 6.029322606E+03 5.411443874E-04 6.620499654E+03 3.031391081E+07
 3.150577354E+07 5.958914878E+03 5.371706372E-04 6.539820842E+03 3.045561180E+07
 3.163706631E+07 5.888316158E+03 5.332096959E-04 6.459142029E+03 3.059840686E+07
 3.176835908E+07 5.818941133E+03 5.292617118E-04 6.378463216E+03 3.074091549E+07
 3.189965185E+07 5.749315970E+03 5.253268309E-04 6.297784403E+03 3.088457076E+07
 3.203094462E+07 5.680972592E+03 5.214051971E-04 6.217105590E+03 3.103070282E+07
 3.216223739E+07 5.612375746E+03 5.174969518E-04 6.136426777E+03 3.117799667E+07
 3.229353015E+07 5.545072367E+03 5.136022343E-04 6.055747964E+03 3.132649205E+07
 3.242482292E+07 5.477488836E+03 5.097211814E-04 5.975069151E+03 3.147622353E+07
 3.255611569E+07 5.411184366E+03 5.058539277E-04 5.894390338E+03 3.162586327E+07
 3.268740846E+07 5.345398982E+03 5.020006055E-04 5.813711525E+03 3.177808622E+07
 3.281870123E+07 5.279320553E+03 4.981613449E-04 5.733032713E+03 3.193017493E+07
 3.294999400E+07 5.213758215E+03 4.943362736E-04 5.652353900E+03 3.208500247E+07
 3.308128677E+07 5.149722322E+03 4.905255170E-04 5.571675087E+03 3.224118840E+07
 3.321257954E+07 5.085153045E+03 4.867291982E-04 5.490996274E+03 3.239879648E+07
 3.334387231E+07 5.021096179E+03 4.829474381E-04 5.410317461E+03 3.255779900E+07
 3.347516507E+07 4.958275456E+03 4.791803554E-04 5.329638648E+03 3.271824998E+07
 3.360645784E+07 4.895960918E+03 4.754280662E-04 5.248959835E+03 3.288019393E+07
 3.373775061E+07 4.833378384E+03 4.716906846E-04 5.168281022E+03 3.304263495E+07
 3.386904338E+07 4.772038992E+03 4.679683224E-04 5.087602209E+03 3.320763958E+07
 3.400033615E+07 4.710418163E+03 4.642610890E-04 5.006923397E+03 3.337424524E+07
 3.413162892E+07 4.650048075E+03 4.605690918E-04 4.926244584E+03 3.354247816E+07
 3.426292169E+07 4.590165775E+03 4.568924355E-04 4.845565771E+03 3.371241612E+07
 3.439421446E+07 4.530047505E+03 4.532312231E-04 4.764886958E+03 3.388403812E+07
 3.452550722E+07 4.470356370E+03 4.495855549E-04 4.684208145E+03 3.405742562E+07
 3.465679999E+07 4.411893680E+03 4.459555291E-04 4.603529332E+03 3.423261169E+07
 3.478809276E+07 4.353915967E+03 4.423412418E-04 4.522850519E+03 3.440978711E+07
 3.491938553E+07 4.295639785E+03 4.387427867E-04 4.442171706E+03 3.458872897E+07
 3.505067830E+07 4.238617335E+03 4.351602554E-04 4.361492893E+03 3.477133745E+07
 3.518197107E+07 4.181276641E+03 4.315937372E-04 4.280814080E+03 3.495423363E+07
 3.531326384E+07 4.125167299E+03 4.280433191E-04 4.200135268E+03 3.513924265E+07
 3.544455661E+07 4.069531719E+03 4.245090862E-04 4.119456455E+03 3.532632759E+07
 3.557584937E+07 4.013575618E+03 4.209911212E-04 4.038777642E+03 3.551560826E+07
 3.570714214E+07 3.958098829E+03 4.174895046E-04 3.958098829E+03 3.570714214E+07
 3.606505324E+07 3.807971952E+03 4.128673352E-04 3.918769579E+03 3.579982364E+07
 3.642296433E+07 3.662532992E+03 3.998804754E-04 3.879440329E+03 3.589326744E+07
 3.678087543E+07 3.521690586E+03 3.871803030E-04 3.840111078E+03 3.598746309E+07
 3.713878653E+07 3.385342933E+03 3.747655865E-04 3.800781828E+03 3.608247904E+07
 3.749669762E+07 3.253398228E+03 3.626348677E-04 3.761452578E+03 3.617830374E+07
 3.785460872E+07 3.125733761E+03 3.507864708E-04 3.722123328E+03 3.627492720E+07
 3.821251981E+07 3.002259492E+03 3.392185115E-04 3.682794078E+03 3.637239145E+07
 3.857043091E+07 2.882877325E+03 3.279289063E-04 3.643464827E+03 3.647074315E+07
 3.892834201E+07 2.767484402E+03 3.169153814E-04 3.604135577E+03 3.656997104E+07
 3.928625310E+07 2.655984225E+03 3.061754822E-04 3.564806327E+03 3.667006530E+07
 3.964416420E+07 2.548279139E+03 2.957065825E-04 3.525477077E+03 3.677110182E+07
 4.000207529E+07 2.444284665E+03 2.855058933E-04 3.486147827E+03 3.687307118E+07
 4.035998639E+07 2.343881759E+03 2.755704718E-04 3.446818577E+03 3.697596472E+07
 4.071789748E+07 2.246998643E+03 2.658972309E-04 3.407489326E+03 3.707986239E+07
 4.107580858E+07 2.153516965E+03 2.564829476E-04 3.368160076E+03 3.718475376E+07
 4.143371968E+07 2.063372913E+03 2.473242717E-04 3.328830826E+03 3.729063310E+07
 4.179163077E+07 1.976450830E+03 2.384177351E-04 3.289501576E+03 3.739758244E+07
 4.214954187E+07 1.892671578E+03 2.297597597E-04 3.250172326E+03 3.750559541E+07
 4.250745296E+07 1.811947437E+03 2.213466660E-04 3.210843075E+03 3.761466666E+07
 4.286536406E+07 1.734201850E+03 2.131746816E-04 3.171513825E+03 3.772488265E+07
 4.322327516E+07 1.659327246E+03 2.052399489E-04 3.132184575E+03 3.783623835E+07
 4.358118625E+07 1.587252395E+03 1.975385333E-04 3.092855325E+03 3.794873030E+07
 4.393909735E+07 1.517901891E+03 1.900664310E-04 3.053526075E+03 3.806244968E+07
 4.429700844E+07 1.451174259E+03 1.828195764E-04 3.014196825E+03 3.817739422E+07
 4.465491954E+07 1.387000337E+03 1.757938495E-04 2.974867574E+03 3.829356173E+07
 4.501283063E+07 1.325313604E+03 1.689850832E-04 2.935538324E+03 3.841105519E+07
 4.537074173E+07 1.266013927E+03 1.623890700E-04 2.896209074E+03 3.852986328E+07
 4.572865283E+07 1.209048467E+03 1.560015693E-04 2.856879824E+03 3.864999191E+07
 4.608656392E+07 1.154324399E+03 1.498183134E-04 2.817550574E+03 3.877154484E+07
 4.644447502E+07 1.101781936E+03 1.438350142E-04 2.778221323E+03 3.889452486E+07
 4.680238611E+07 1.051338036E+03 1.380473692E-04 2.738892073E+03 3.901897107E+07
 4.716029721E+07 1.002931004E+03 1.324510674E-04 2.699562823E+03 3.914492282E+07
 4.751820831E+07 9.565049271E+02 1.270417949E-04 2.660233573E+03 3.927238686E+07
 4.787611940E+07 9.119812592E+02 1.218152405E-04 2.620904323E+03 3.940147836E+07
 4.823403050E+07 8.692851985E+02 1.167671009E-04 2.581575073E+03 3.953220710E+07
 4.859194159E+07 8.283641841E+02 1.118930856E-04 2.542245822E+03 3.966462247E+07
 4.894985269E+07 7.891702340E+02 1.071889217E-04 2.502916572E+03 3.979877107E+07
 4.930776378E+07 7.516280288E+02 1.026503585E-04 2.463587322E+03 3.993466823E+07
 4.966567488E+07 7.156700578E+02 9.827317176E-05 2.424258072E+03 4.007248401E+07
 5.002358598E+07 6.812617781E+02 9.405316785E-05 2.384928822E+03 4.021212130E+07
 5.038149707E+07 6.483247988E+02 8.998618753E-05 2.345599572E+03 4.035375627E+07
 5.073940817E+07 6.168275628E+02 8.606810967E-05 2.306270321E+03 4.049741245E+07
 5.109731926E+07 5.867030888E+02 8.229485468E-05 2.266941071E+03 4.064315633E+07
 5.145523036E+07 5.578957849E+02 7.866238772E-05 2.227611821E+03 4.079105716E+07
 5.181314146E+07 5.303751987E+02 7.516672169E-05 2.188282571E+03 4.094116790E+07
 5.217105255E+07 5.040819496E+02 7.180392007E-05 2.148953321E+03 4.109361278E+07
 5.252896365E+07 4.789573424E+02 6.857009949E-05 2.109624070E+03 4.124843800E+07
 5.288687474E+07 4.549788179E+02 6.546143216E-05 2.070294820E+03 4.140573641E+07
 5.324478584E+07 4.320925938E+02 6.247414804E-05 2.030965570E+03 4.156559803E+07
 5.360269693E+07 4.102412583E+02 5.960453691E-05 1.991636320E+03 4.172811858E+07
 5.396060803E+07 3.894075986E+02 5.684895015E-05 1.952307070E+03 4.189339800E+07
 5.431851913E+07 3.695404569E+02 5.420380243E-05 1.912977820E+03 4.206159105E+07
 5.467643022E+07 3.505889088E+02 5.166557320E-05 1.873648569E+03 4.223266812E+07
 5.503434132E+07 3.325495159E+02 4.923080795E-05 1.834319319E+03 4.240694442E+07
 5.539225241E+07 3.153466366E+02 4.689611941E-05 1.794990069E+03 4.258439724E+07
 5.575016351E+07 2.989565664E+02 4.465818853E-05 1.755660819E+03 4.276521301E+07
 5.610807461E+07 2.833723208E+02 4.251376530E-05 1.716331569E+03 4.294953757E+07
 5.646598570E+07 2.685171412E+02 4.045966946E-05 1.677002318E+03 4.313752445E+07
 5.682389680E+07 2.543839105E+02 3.849279104E-05 1.637673068E+03 4.332939522E+07
 5.718180789E+07 2.409556214E+02 3.661009080E-05 1.598343818E+03 4.352522744E+07
 5.753971899E+07 2.281784341E+02 3.480860048E-05 1.559014568E+03 4.372524587E+07
 5.789763008E+07 2.160320614E+02 3.308542299E-05 1.519685318E+03 4.392972244E+07
 5.825554118E+07 2.044882018E+02 3.143773248E-05 1.480356068E+03 4.413876305E+07
 5.861345228E+07 1.935096833E+02 2.986277421E-05 1.441026817E+03 4.435265929E+07
 5.897136337E+07 1.831061550E+02 2.835786444E-05 1.401697567E+03 4.457173178E+07
 5.932927447E+07 1.732049367E+02 2.692039013E-05 1.362368317E+03 4.479619865E+07
 5.968718556E+07 1.638284165E+02 2.554780857E-05 1.323039067E+03 4.502629477E+07
 6.004509666E+07 1.549100847E+02 2.423764696E-05 1.283709817E+03 4.526240799E+07
 6.040300776E+07 1.464712964E+02 2.298750182E-05 1.244380566E+03 4.550496892E+07
 6.076091885E+07 1.384472489E+02 2.179503840E-05 1.205051316E+03 4.575430014E+07
 6.111882995E+07 1.308587120E+02 2.065798999E-05 1.165722066E+03 4.601085027E+07
 6.147674104E+07 1.236595215E+02 1.957415714E-05 1.126392816E+03 4.627494375E+07
 6.183465214E+07 1.168392329E+02 1.854140685E-05 1.087063566E+03 4.654735141E+07
 6.219256323E+07 1.103790650E+02 1.755767172E-05 1.047734316E+03 4.682851562E+07
 6.255047433E+07 1.042623917E+02 1.662094892E-05 1.008405065E+03 4.711909176E+07
 6.290838543E+07 9.847442039E+01 1.572929931E-05 9.690758152E+02 4.741979449E+07
 6.326629652E+07 9.300680082E+01 1.488084634E-05 9.297465650E+02 4.773143061E+07
 6.362420762E+07 8.781294333E+01 1.407377501E-05 8.904173148E+02 4.805499274E+07
 6.398211871E+07 8.292345201E+01 1.330633076E-05 8.510880646E+02 4.839132161E+07
 6.434002981E+07 7.828992274E+01 1.257681829E-05 8.117588145E+02 4.874179090E+07
 6.469794091E+07 7.391369442E+01 1.188360046E-05 7.724295643E+02 4.910750733E+07
 6.505585200E+07 6.978378760E+01 1.122509705E-05 7.331003141E+02 4.949023167E+07
 6.541376310E+07 6.587568854E+01 1.059978355E-05 6.937710639E+02 4.989165455E+07
 6.577167419E+07 6.219664197E+01 1.000618993E-05 6.544418137E+02 5.031386505E+07
 6.612958529E+07 5.870200399E+01 9.442899417E-06 6.151125636E+02 5.075933990E+07
 6.648749639E+07 5.542588904E+01 8.908547184E-06 5.757833134E+02 5.123113194E+07
 6.684540748E+07 5.232630342E+01 8.401819136E-06 5.364540632E+02 5.173262338E+07
 6.720331858E+07 4.941238704E+01 7.921450608E-06 4.971248130E+02 5.226843569E+07
 6.756122967E+07 4.665489525E+01 7.466225093E-06 4.577955628E+02 5.284402042E+07
 6.791914077E+07 4.406639199E+01 7.034972974E-06 4.184663127E+02 5.346613099E+07
 6.827705186E+07 4.161154469E+01 6.626570238E-06 3.791370625E+02 5.414339108E+07
 6.863496296E+07 3.931696029E+01 6.239937213E-06 3.398078123E+02 5.488816988E+07
 6.899287406E+07 3.715466992E+01 5.874037301E-06 3.004785621E+02 5.571623000E+07
 6.935078515E+07 3.510910516E+01 5.527875723E-06 2.611493119E+02 5.665065328E+07
 6.970869625E+07 3.318314771E+01 5.200498269E-06 2.218200618E+02 5.772494462E+07
 7.006660734E+07 3.138392820E+01 4.890990068E-06 1.824908116E+02 5.899302921E+07
 7.042451844E+07 2.969020130E+01 4.598474364E-06 1.431615614E+02 6.054793929E+07
 7.078242954E+07 2.808732981E+01 4.322111307E-06 1.038323112E+02 6.257691024E+07
 7.114034063E+07 2.659103730E+01 4.061096769E-06 6.450306104E+01 6.554439540E+07
 7.149825173E+07 2.517381086E+01 3.814661162E-06 2.517381086E+01 7.149825173E+07
 7.191640645E+07 2.357663597E+01 3.704934214E-06 2.492214384E+01 7.156248281E+07
 7.233456117E+07 2.207361090E+01 3.485944007E-06 2.467047683E+01 7.162731612E+07
 7.275271589E+07 2.065967114E+01 3.278754248E-06 2.441880981E+01 7.169276583E+07
 7.317087061E+07 1.932998948E+01 3.082803992E-06 2.416714280E+01 7.175883456E+07
 7.358902533E+07 1.807999810E+01 2.897554276E-06 2.391547579E+01 7.182554975E+07
 7.400718005E+07 1.690530021E+01 2.722487544E-06 2.366380877E+01 7.189291711E+07
 7.442533477E+07 1.580182808E+01 2.557107063E-06 2.341214176E+01 7.196095016E+07
 7.484348949E+07 1.476548915E+01 2.400936340E-06 2.316047475E+01 7.202965764E+07
 7.526164421E+07 1.379266104E+01 2.253518541E-06 2.290880773E+01 7.209905912E+07
 7.567979893E+07 1.287970456E+01 2.114415911E-06 2.265714072E+01 7.216917719E+07
 7.609795365E+07 1.202324869E+01 1.983209195E-06 2.240547370E+01 7.224001677E+07
 7.651610837E+07 1.122008537E+01 1.859497070E-06 2.215380669E+01 7.231159363E+07
 7.693426310E+07 1.046713022E+01 1.742895570E-06 2.190213968E+01 7.238392790E+07
 7.735241782E+07 9.761552539E+00 1.633037531E-06 2.165047266E+01 7.245702791E+07
 7.777057254E+07 9.100532799E+00 1.529572030E-06 2.139880565E+01 7.253092788E+07
 7.818872726E+07 8.481487417E+00 1.432163841E-06 2.114713863E+01 7.260563677E+07
 7.860688198E+07 7.901992245E+00 1.340492890E-06 2.089547162E+01 7.268117331E+07
 7.902503670E+07 7.359682488E+00 1.254253727E-06 2.064380461E+01 7.275755695E+07
 7.944319142E+07 6.852339811E+00 1.173155003E-06 2.039213759E+01 7.283480780E+07
 7.986134614E+07 6.377869220E+00 1.096918956E-06 2.014047058E+01 7.291293474E+07
 8.027950086E+07 5.934335961E+00 1.025280909E-06 1.988880356E+01 7.299198635E+07
 8.069765558E+07 5.519829218E+00 9.579887769E-07 1.963713655E+01 7.307196406E+07
 8.111581030E+07 5.132567006E+00 8.948025843E-07 1.938546954E+01 7.315289730E+07
 8.153396502E+07 4.770954072E+00 8.354939961E-07 1.913380252E+01 7.323481306E+07
 8.195211974E+07 4.433351422E+00 7.798458575E-07 1.888213551E+01 7.331772433E+07
 8.237027446E+07 4.118261876E+00 7.276517457E-07 1.863046849E+01 7.340167568E+07
 8.278842918E+07 3.824350219E+00 6.787155342E-07 1.837880148E+01 7.348668505E+07
 8.320658391E+07 3.550225215E+00 6.328509674E-07 1.812713447E+01 7.357277676E+07
 8.362473863E+07 3.294709567E+00 5.898812484E-07 1.787546745E+01 7.365997914E+07
 8.404289335E+07 3.056527721E+00 5.496386378E-07 1.762380044E+01 7.374834022E+07
 8.446104807E+07 2.834637453E+00 5.119640646E-07 1.737213343E+01 7.383787289E+07
 8.487920279E+07 2.628036880E+00 4.767067490E-07 1.712046641E+01 7.392860711E+07
 8.529735751E+07 2.435670290E+00 4.437238368E-07 1.686879940E+01 7.402060117E+07
 8.571551223E+07 2.256639972E+00 4.128800462E-07 1.661713238E+01 7.411387796E+07
 8.613366695E+07 2.090093034E+00 3.840473251E-07 1.636546537E+01 7.420847544E+07
 8.655182167E+07 1.935200937E+00 3.571045212E-07 1.611379836E+01 7.430443326E+07
 8.696997639E+07 1.791209856E+00 3.319370624E-07 1.586213134E+01 7.440179293E+07
 8.738813111E+07 1.657362460E+00 3.084366496E-07 1.561046433E+01 7.450058472E+07
 8.780628583E+07 1.533012971E+00 2.865009592E-07 1.535879731E+01 7.460087672E+07
 8.822444055E+07 1.417579818E+00 2.660333580E-07 1.510713030E+01 7.470270745E+07
 8.864259527E+07 1.310356084E+00 2.469426277E-07 1.485546329E+01 7.480611896E+07
 8.906074999E+07 1.210849184E+00 2.291427005E-07 1.460379627E+01 7.491118337E+07
 8.947890472E+07 1.118529197E+00 2.125524044E-07 1.435212926E+01 7.501794447E+07
 8.989705944E+07 1.032909137E+00 1.970952198E-07 1.410046224E+01 7.512644421E+07
 9.031521416E+07 9.535699617E-01 1.826990442E-07 1.384879523E+01 7.523678051E+07
 9.073336888E+07 8.800052572E-01 1.692959679E-07 1.359712822E+01 7.534898913E+07
 9.115152360E+07 8.118686256E-01 1.568220588E-07 1.334546120E+01 7.546313389E+07
 9.156967832E+07 7.487408122E-01 1.452171555E-07 1.309379419E+01 7.557931648E+07
 9.198783304E+07 6.902960022E-01 1.344246701E-07 1.284212717E+01 7.569759599E+07
 9.240598776E+07 6.362087300E-01 1.243913996E-07 1.259046016E+01 7.581805296E+07
 9.282414248E+07 5.861683975E-01 1.150673449E-07 1.233879315E+01 7.594075863E+07
 9.324229720E+07 5.398834593E-01 1.064055387E-07 1.208712613E+01 7.606582676E+07
 9.366045192E+07 4.970942871E-01 9.836188079E-08 1.183545912E+01 7.619334430E+07
 9.407860664E+07 4.575443651E-01 9.089498100E-08 1.158379210E+01 7.632340335E+07
 9.449676136E+07 4.210029837E-01 8.396600950E-08 1.133212509E+01 7.645613695E+07
 9.491491608E+07 3.872553024E-01 7.753855416E-08 1.108045808E+01 7.659163403E+07
 9.533307080E+07 3.560909521E-01 7.157848476E-08 1.082879106E+01 7.673003589E+07
 9.575122553E+07 3.273254655E-01 6.605382365E-08 1.057712405E+01 7.687145648E+07
 9.616938025E+07 3.007888107E-01 6.093462292E-08 1.032545704E+01 7.701607196E+07
 9.658753497E+07 2.763205372E-01 5.619284748E-08 1.007379002E+01 7.716400098E+07
 9.700568969E+07 2.537494465E-01 5.180226410E-08 9.822123008E+00 7.731543165E+07
 9.742384441E+07 2.329707783E-01 4.773833603E-08 9.570455994E+00 7.747052745E+07
 9.784199913E+07 2.137837580E-01 4.397812305E-08 9.318788980E+00 7.762945681E+07
 9.826015385E+07 1.961248658E-01 4.050018662E-08 9.067121966E+00 7.779245490E+07
 9.867830857E+07 1.798581646E-01 3.728450007E-08 8.815454952E+00 7.795972786E+07
 9.909646329E+07 1.649152953E-01 3.431236349E-08 8.563787938E+00 7.813153375E+07
 9.951461801E+07 1.511403426E-01 3.156632314E-08 8.312120924E+00 7.830812051E+07
 9.993277273E+07 1.384862772E-01 2.903009527E-08 8.060453910E+00 7.848975469E+07
 1.003509275E+08 1.268439719E-01 2.668849401E-08 7.808786896E+00 7.867680495E+07
 1.007690822E+08 1.161202998E-01 2.452736327E-08 7.557119882E+00 7.886956119E+07
 1.011872369E+08 1.063126412E-01 2.253351242E-08 7.305452868E+00 7.906841972E+07
 1.016053916E+08 9.727468126E-02 2.069465551E-08 7.053785854E+00 7.927379054E+07
 1.020235463E+08 8.900241843E-02 1.899935399E-08 6.802118841E+00 7.948612947E+07
 1.024417011E+08 8.134263122E-02 1.743696268E-08 6.550451827E+00 7.970598352E+07
 1.028598558E+08 7.438052097E-02 1.599757878E-08 6.298784813E+00 7.993387293E+07
 1.032780105E+08 6.797052319E-02 1.467199394E-08 6.047117799E+00 8.017048774E+07
 1.036961652E+08 6.210816152E-02 1.345164906E-08 5.795450785E+00 8.041646766E+07
 1.041143199E+08 5.669101714E-02 1.232859177E-08 5.543783771E+00 8.067269821E+07
 1.045324747E+08 5.177599034E-02 1.129543647E-08 5.292116757E+00 8.094008018E+07
 1.049506294E+08 4.723006937E-02 1.034532668E-08 5.040449743E+00 8.121964882E+07
 1.053687841E+08 4.311052898E-02 9.471899811E-09 4.788782729E+00 8.151266023E+07
 1.057869388E+08 3.933196550E-02 8.669253913E-09 4.537115715E+00 8.182048307E+07
 1.062050935E+08 3.585029353E-02 7.931916595E-09 4.285448701E+00 8.214480869E+07
 1.066232483E+08 3.267803956E-02 7.254815799E-09 4.033781687E+00 8.248752921E+07
 1.070414030E+08 2.977620595E-02 6.633252421E-09 3.782114674E+00 8.285095656E+07
 1.074595577E+08 2.712343522E-02 6.062874642E-09 3.530447660E+00 8.323792398E+07
 1.078777124E+08 2.469851027E-02 5.539653890E-09 3.278780646E+00 8.365180963E+07
 1.082958671E+08 2.247963800E-02 5.059862326E-09 3.027113632E+00 8.409666553E+07
 1.087140219E+08 2.046130576E-02 4.620051782E-09 2.775446618E+00 8.457784769E+07
 1.091321766E+08 1.861555333E-02 4.217034058E-09 2.523779604E+00 8.510206859E+07
 1.095503313E+08 1.691212894E-02 3.847862500E-09 2.272112590E+00 8.567814583E+07
 1.099684860E+08 1.538427972E-02 3.509814791E-09 2.020445576E+00 8.631792844E+07
 1.103866407E+08 1.399117513E-02 3.200376871E-09 1.768778562E+00 8.703789791E+07
 1.108047955E+08 1.271743953E-02 2.917227932E-09 1.517111548E+00 8.786209101E+07
 1.112229502E+08 1.156945769E-02 2.658226413E-09 1.265444534E+00 8.882748420E+07
 1.116411049E+08 1.048608937E-02 2.421396944E-09 1.013777521E+00 8.999507030E+07
 1.120592596E+08 9.532136316E-03 2.204918164E-09 7.621105066E-01 9.147828248E+07
 1.124774144E+08 8.642979626E-03 2.007111383E-09 5.104434927E-01 9.352654443E+07
 1.128955691E+08 7.839148949E-03 1.826430019E-09 2.587764788E-01 9.690940557E+07
 1.133137238E+08 7.109464853E-03 1.661449755E-09 7.109464853E-03 1.133137579E+08
 1.133848184E+08 7.038370204E-03 1.000000000E-09 7.038370204E-03 1.133848170E+08
 1.134559131E+08 6.967275555E-03 1.000000000E-09 6.967275555E-03 1.134559130E+08
 1.135270077E+08 6.896180907E-03 1.000000000E-09 6.896180907E-03 1.135270077E+08
 1.135981024E+08 6.825086258E-03 1.000000000E-09 6.825086258E-03 1.135981024E+08
 1.136691970E+08 6.753991610E-03 1.000000000E-09 6.753991610E-03 1.136691980E+08
 1.137402917E+08 6.682896961E-03 1.000000000E-09 6.682896961E-03 1.137402890E+08
 1.138113863E+08 6.611802313E-03 1.000000000E-09 6.611802313E-03 1.138114080E+08
 1.138824810E+08 6.540707664E-03 1.000000000E-09 6.540707664E-03 1.138824810E+08
 1.139535756E+08 6.469613016E-03 1.000000000E-09 6.469613016E-03 1.139535520E+08
 1.140246703E+08 6.398518367E-03 1.000000000E-09 6.398518367E-03 1.140246702E+08
 1.140957649E+08 6.327423719E-03 1.000000000E-09 6.327423719E-03 1.140957760E+08
 1.141668596E+08 6.256329070E-03 1.000000000E-09 6.256329070E-03 1.141668594E+08
 1.142379542E+08 6.185234422E-03 1.000000000E-09 6.185234422E-03 1.142379520E+08
 1.143090489E+08 6.114139773E-03 1.000000000E-09 6.114139773E-03 1.143090490E+08
 1.143801435E+08 6.043045125E-03 1.000000000E-09 6.043045125E-03 1.143801435E+08
 1.144512382E+08 5.971950476E-03 1.000000000E-09 5.971950476E-03 1.144512380E+08
 1.145223328E+08 5.900855828E-03 1.000000000E-09 5.900855828E-03 1.145223310E+08
 1.145934275E+08 5.829761179E-03 1.000000000E-09 5.829761179E-03 1.145934270E+08
 1.146645221E+08 5.758666531E-03 1.000000000E-09 5.758666531E-03 1.146645440E+08
 1.147356168E+08 5.687571882E-03 1.000000000E-09 5.687571882E-03 1.147356480E+08
 1.148067114E+08 5.616477233E-03 1.000000000E-09 5.616477233E-03 1.148067110E+08
 1.148778061E+08 5.545382585E-03 1.000000000E-09 5.545382585E-03 1.148778060E+08
 1.149489007E+08 5.474287936E-03 1.000000000E-09 5.474287936E-03 1.149489008E+08
 1.150199954E+08 5.403193288E-03 1.000000000E-09 5.403193288E-03 1.150199977E+08
 1.150910900E+08 5.332098639E-03 1.000000000E-09 5.332098639E-03 1.150912000E+08
 1.151621847E+08 5.261003991E-03 1.000000000E-09 5.261003991E-03 1.151622763E+08
 1.152332793E+08 5.189909342E-03 1.000000000E-09 5.189909342E-03 1.152332960E+08
 1.153043740E+08 5.118814694E-03 1.000000000E-09 5.118814694E-03 1.153043739E+08
 1.153754686E+08 5.047720045E-03 1.000000000E-09 5.047720045E-03 1.153754720E+08
 1.154465632E+08 4.976625397E-03 1.000000000E-09 4.976625397E-03 1.154465636E+08
 1.155176579E+08 4.905530748E-03 1.000000000E-09 4.905530748E-03 1.155176579E+08
 1.155887525E+08 4.834436100E-03 1.000000000E-09 4.834436100E-03 1.155887526E+08
 1.156598472E+08 4.763341451E-03 1.000000000E-09 4.763341451E-03 1.156598400E+08
 1.157309418E+08 4.692246803E-03 1.000000000E-09 4.692246803E-03 1.157309418E+08
 1.158020365E+08 4.621152154E-03 1.000000000E-09 4.621152154E-03 1.158020365E+08
 1.158731311E+08 4.550057506E-03 1.000000000E-09 4.550057506E-03 1.158731310E+08
 1.159442258E+08 4.478962857E-03 1.000000000E-09 4.478962857E-03 1.159442250E+08
 1.160153204E+08 4.407868209E-03 1.000000000E-09 4.407868209E-03 1.160153190E+08
 1.160864151E+08 4.336773560E-03 1.000000000E-09 4.336773560E-03 1.160864075E+08
 1.161575097E+08 4.265678912E-03 1.000000000E-09 4.265678912E-03 1.161575100E+08
 1.162286044E+08 4.194584263E-03 1.000000000E-09 4.194584263E-03 1.162286044E+08
 1.162996990E+08 4.123489614E-03 1.000000000E-09 4.123489614E-03 1.162996989E+08
 1.163707937E+08 4.052394966E-03 1.000000000E-09 4.052394966E-03 1.163708000E+08
 1.164418883E+08 3.981300317E-03 1.000000000E-09 3.981300317E-03 1.164418880E+08
 1.165129830E+08 3.910205669E-03 1.000000000E-09 3.910205669E-03 1.165129920E+08
 1.165840776E+08 3.839111020E-03 1.000000000E-09 3.839111020E-03 1.165840760E+08
 1.166551723E+08 3.768016372E-03 1.000000000E-09 3.768016372E-03 1.166551680E+08
 1.167262669E+08 3.696921723E-03 1.000000000E-09 3.696921723E-03 1.167262690E+08
 1.167973616E+08 3.625827075E-03 1.000000000E-09 3.625827075E-03 1.167974400E+08
 1.168684562E+08 3.554732426E-03 1.000000000E-09 3.554732426E-03 1.168684550E+08
 1.169395509E+08 3.483637778E-03 1.000000000E-09 3.483637778E-03 1.169396634E+08
 1.170106455E+08 3.412543129E-03 1.000000000E-09 3.412543129E-03 1.170106560E+08
 1.170817402E+08 3.341448481E-03 1.000000000E-09 3.341448481E-03 1.170817410E+08
 1.171528348E+08 3.270353832E-03 1.000000000E-09 3.270353832E-03 1.171528348E+08
 1.172239295E+08 3.199259184E-03 1.000000000E-09 3.199259184E-03 1.172239295E+08
 1.172950241E+08 3.128164535E-03 1.000000000E-09 3.128164535E-03 1.172950250E+08
 1.173661188E+08 3.057069887E-03 1.000000000E-09 3.057069887E-03 1.173661189E+08
 1.174372134E+08 2.985975238E-03 1.000000000E-09 2.985975238E-03 1.174372150E+08
 1.175083081E+08 2.914880590E-03 1.000000000E-09 2.914880590E-03 1.175083200E+08
 1.175794027E+08 2.843785941E-03 1.000000000E-09 2.843785941E-03 1.175794027E+08
 1.176504974E+08 2.772691292E-03 1.000000000E-09 2.772691292E-03 1.176505920E+08
 1.177215920E+08 2.701596644E-03 1.000000000E-09 2.701596644E-03 1.177215920E+08
 1.177926867E+08 2.630501995E-03 1.000000000E-09 2.630501995E-03 1.177927680E+08
 1.178637813E+08 2.559407347E-03 1.000000000E-09 2.559407347E-03 1.178637920E+08
 1.179348759E+08 2.488312698E-03 1.000000000E-09 2.488312698E-03 1.179348800E+08
 1.180059706E+08 2.417218050E-03 1.000000000E-09 2.417218050E-03 1.180059713E+08
 1.180770652E+08 2.346123401E-03 1.000000000E-09 2.346123401E-03 1.180770652E+08
 1.181481599E+08 2.275028753E-03 1.000000000E-09 2.275028753E-03 1.181481599E+08
 1.182192545E+08 2.203934104E-03 1.000000000E-09 2.203934104E-03 1.182192640E+08
 1.182903492E+08 2.132839456E-03 1.000000000E-09 2.132839456E-03 1.182904320E+08
 1.183614438E+08 2.061744807E-03 1.000000000E-09 2.061744807E-03 1.183614438E+08
 1.184325385E+08 1.990650159E-03 1.000000000E-09 1.990650159E-03 1.184325940E+08
 1.185036331E+08 1.919555510E-03 1.000000000E-09 1.919555510E-03 1.185037048E+08
 1.185747278E+08 1.848460862E-03 1.000000000E-09 1.848460862E-03 1.185747278E+08
 1.186458224E+08 1.777366213E-03 1.000000000E-09 1.777366213E-03 1.186458224E+08
 1.187169171E+08 1.706271565E-03 1.000000000E-09 1.706271565E-03 1.187169225E+08
 1.187880117E+08 1.635176916E-03 1.000000000E-09 1.635176916E-03 1.187880160E+08
 1.188591064E+08 1.564082268E-03 1.000000000E-09 1.564082268E-03 1.188591067E+08
 1.189302010E+08 1.492987619E-03 1.000000000E-09 1.492987619E-03 1.189302010E+08
 1.190012957E+08 1.421892971E-03 1.000000000E-09 1.421892971E-03 1.190012960E+08
 1.190723903E+08 1.350798322E-03 1.000000000E-09 1.350798322E-03 1.190723903E+08
 1.191434850E+08 1.279703673E-03 1.000000000E-09 1.279703673E-03 1.191434880E+08
 1.192145796E+08 1.208609025E-03 1.000000000E-09 1.208609025E-03 1.192145760E+08
 1.192856743E+08 1.137514376E-03 1.000000000E-09 1.137514376E-03 1.192857600E+08
 1.193567689E+08 1.066419728E-03 1.000000000E-09 1.066419728E-03 1.193567689E+08
 1.194278636E+08 9.953250794E-04 1.000000000E-09 9.953250794E-04 1.194278678E+08
 1.194989582E+08 9.242304308E-04 1.000000000E-09 9.242304308E-04 1.194989582E+08
 1.195700529E+08 8.531357823E-04 1.000000000E-09 8.531357823E-04 1.195700530E+08
 1.196411475E+08 7.820411338E-04 1.000000000E-09 7.820411338E-04 1.196412606E+08
 1.197122422E+08 7.109464853E-04 1.000000000E-09 7.109464853E-04 1.197122720E+08
 1.197833368E+08 6.398518367E-04 1.000000000E-09 6.398518367E-04 1.197833804E+08
 1.198544315E+08 5.687571882E-04 1.000000000E-09 5.687571882E-04 1.198544320E+08
 1.199255261E+08 4.976625397E-04 1.000000000E-09 4.976625397E-04 1.199255040E+08
 1.199966208E+08 4.265678912E-04 1.000000000E-09 4.265678912E-04 1.199966720E+08
 1.200677154E+08 3.554732426E-04 1.000000000E-09 3.554732426E-04 1.200677154E+08
 1.201388101E+08 2.843785941E-04 1.000000000E-09 2.843785941E-04 1.201388160E+08
 1.202099047E+08 2.132839456E-04 1.000000000E-09 2.132839456E-04 1.202099200E+08
 1.202809993E+08 1.421892971E-04 1.000000000E-09 1.421892971E-04 1.202809993E+08
 1.203520940E+08 7.109464853E-05 1.000000000E-09 7.109464853E-05 1.203520950E+08
