1 0 0 0 0
2 1 -1 0 1 0
3 1 0 -1 0.5 0.866025
4 0 1 -1 -0.5 0.866025
5 -1 1 0 -1 0
6 -1 0 1 -0.5 -0.866025
7 0 -1 1 0.5 -0.866025
8 2 -2 0 2 0
9 2 -1 -1 1.5 0.866025
10 2 0 -2 1 1.73205
11 1 1 -2 0 1.73205
12 0 2 -2 -1 1.73205
13 -1 2 -1 -1.5 0.866025
14 -2 2 0 -2 0
15 -2 1 1 -1.5 -0.866025
16 -2 0 2 -1 -1.73205
17 -1 -1 2 0 -1.73205
18 0 -2 2 1 -1.73205
19 1 -2 1 1.5 -0.866025
20 3 -3 0 3 0
21 3 -2 -1 2.5 0.866025
22 3 -1 -2 2 1.73205
23 3 0 -3 1.5 2.59808
24 2 1 -3 0.5 2.59808
25 1 2 -3 -0.5 2.59808
26 0 3 -3 -1.5 2.59808
27 -1 3 -2 -2 1.73205
28 -2 3 -1 -2.5 0.866025
29 -3 3 0 -3 0
30 -3 2 1 -2.5 -0.866025
31 -3 1 2 -2 -1.73205
32 -3 0 3 -1.5 -2.59808
33 -2 -1 3 -0.5 -2.59808
34 -1 -2 3 0.5 -2.59808
35 0 -3 3 1.5 -2.59808
36 1 -3 2 2 -1.73205
37 2 -3 1 2.5 -0.866025
38 4 -4 0 4 0
39 4 -3 -1 3.5 0.866025
40 4 -2 -2 3 1.73205
41 4 -1 -3 2.5 2.59808
42 4 0 -4 2 3.4641
43 3 1 -4 1 3.4641
44 2 2 -4 0 3.4641
45 1 3 -4 -1 3.4641
46 0 4 -4 -2 3.4641
47 -1 4 -3 -2.5 2.59808
48 -2 4 -2 -3 1.73205
49 -3 4 -1 -3.5 0.866025
50 -4 4 0 -4 0
51 -4 3 1 -3.5 -0.866025
52 -4 2 2 -3 -1.73205
53 -4 1 3 -2.5 -2.59808
54 -4 0 4 -2 -3.4641
55 -3 -1 4 -1 -3.4641
56 -2 -2 4 0 -3.4641
57 -1 -3 4 1 -3.4641
58 0 -4 4 2 -3.4641
59 1 -4 3 2.5 -2.59808
60 2 -4 2 3 -1.73205
61 3 -4 1 3.5 -0.866025
62 5 -5 0 5 0
63 5 -4 -1 4.5 0.866025
64 5 -3 -2 4 1.73205
65 5 -2 -3 3.5 2.59808
66 5 -1 -4 3 3.4641
67 5 0 -5 2.5 4.33013
68 4 1 -5 1.5 4.33013
69 3 2 -5 0.5 4.33013
70 2 3 -5 -0.5 4.33013
71 1 4 -5 -1.5 4.33013
72 0 5 -5 -2.5 4.33013
73 -1 5 -4 -3 3.4641
74 -2 5 -3 -3.5 2.59808
75 -3 5 -2 -4 1.73205
76 -4 5 -1 -4.5 0.866025
77 -5 5 0 -5 0
78 -5 4 1 -4.5 -0.866025
79 -5 3 2 -4 -1.73205
80 -5 2 3 -3.5 -2.59808
81 -5 1 4 -3 -3.4641
82 -5 0 5 -2.5 -4.33013
83 -4 -1 5 -1.5 -4.33013
84 -3 -2 5 -0.5 -4.33013
85 -2 -3 5 0.5 -4.33013
86 -1 -4 5 1.5 -4.33013
87 0 -5 5 2.5 -4.33013
88 1 -5 4 3 -3.4641
89 2 -5 3 3.5 -2.59808
90 3 -5 2 4 -1.73205
91 4 -5 1 4.5 -0.866025
92 6 -6 0 6 0
93 6 -5 -1 5.5 0.866025
94 6 -4 -2 5 1.73205
95 6 -3 -3 4.5 2.59808
96 6 -2 -4 4 3.4641
97 6 -1 -5 3.5 4.33013
98 6 0 -6 3 5.19615
99 5 1 -6 2 5.19615
100 4 2 -6 1 5.19615
101 3 3 -6 0 5.19615
102 2 4 -6 -1 5.19615
103 1 5 -6 -2 5.19615
104 0 6 -6 -3 5.19615
105 -1 6 -5 -3.5 4.33013
106 -2 6 -4 -4 3.4641
107 -3 6 -3 -4.5 2.59808
108 -4 6 -2 -5 1.73205
109 -5 6 -1 -5.5 0.866025
110 -6 6 0 -6 0
111 -6 5 1 -5.5 -0.866025
112 -6 4 2 -5 -1.73205
113 -6 3 3 -4.5 -2.59808
114 -6 2 4 -4 -3.4641
115 -6 1 5 -3.5 -4.33013
116 -6 0 6 -3 -5.19615
117 -5 -1 6 -2 -5.19615
118 -4 -2 6 -1 -5.19615
119 -3 -3 6 0 -5.19615
120 -2 -4 6 1 -5.19615
121 -1 -5 6 2 -5.19615
122 0 -6 6 3 -5.19615
123 1 -6 5 3.5 -4.33013
124 2 -6 4 4 -3.4641
125 3 -6 3 4.5 -2.59808
126 4 -6 2 5 -1.73205
127 5 -6 1 5.5 -0.866025
128 7 -7 0 7 0
129 7 -6 -1 6.5 0.866025
130 7 -5 -2 6 1.73205
131 7 -4 -3 5.5 2.59808
132 7 -3 -4 5 3.4641
133 7 -2 -5 4.5 4.33013
134 7 -1 -6 4 5.19615
135 7 0 -7 3.5 6.06218
136 6 1 -7 2.5 6.06218
137 5 2 -7 1.5 6.06218
138 4 3 -7 0.5 6.06218
139 3 4 -7 -0.5 6.06218
140 2 5 -7 -1.5 6.06218
141 1 6 -7 -2.5 6.06218
142 0 7 -7 -3.5 6.06218
143 -1 7 -6 -4 5.19615
144 -2 7 -5 -4.5 4.33013
145 -3 7 -4 -5 3.4641
146 -4 7 -3 -5.5 2.59808
147 -5 7 -2 -6 1.73205
148 -6 7 -1 -6.5 0.866025
149 -7 7 0 -7 0
150 -7 6 1 -6.5 -0.866025
151 -7 5 2 -6 -1.73205
152 -7 4 3 -5.5 -2.59808
153 -7 3 4 -5 -3.4641
154 -7 2 5 -4.5 -4.33013
155 -7 1 6 -4 -5.19615
156 -7 0 7 -3.5 -6.06218
157 -6 -1 7 -2.5 -6.06218
158 -5 -2 7 -1.5 -6.06218
159 -4 -3 7 -0.5 -6.06218
160 -3 -4 7 0.5 -6.06218
161 -2 -5 7 1.5 -6.06218
162 -1 -6 7 2.5 -6.06218
163 0 -7 7 3.5 -6.06218
164 1 -7 6 4 -5.19615
165 2 -7 5 4.5 -4.33013
166 3 -7 4 5 -3.4641
167 4 -7 3 5.5 -2.59808
168 5 -7 2 6 -1.73205
169 6 -7 1 6.5 -0.866025
170 8 -8 0 8 0
171 8 -7 -1 7.5 0.866025
172 8 -6 -2 7 1.73205
173 8 -5 -3 6.5 2.59808
174 8 -4 -4 6 3.4641
175 8 -3 -5 5.5 4.33013
176 8 -2 -6 5 5.19615
177 8 -1 -7 4.5 6.06218
178 8 0 -8 4 6.9282
179 7 1 -8 3 6.9282
180 6 2 -8 2 6.9282
181 5 3 -8 1 6.9282
182 4 4 -8 0 6.9282
183 3 5 -8 -1 6.9282
184 2 6 -8 -2 6.9282
185 1 7 -8 -3 6.9282
186 0 8 -8 -4 6.9282
187 -1 8 -7 -4.5 6.06218
188 -2 8 -6 -5 5.19615
189 -3 8 -5 -5.5 4.33013
190 -4 8 -4 -6 3.4641
191 -5 8 -3 -6.5 2.59808
192 -6 8 -2 -7 1.73205
193 -7 8 -1 -7.5 0.866025
194 -8 8 0 -8 0
195 -8 7 1 -7.5 -0.866025
196 -8 6 2 -7 -1.73205
197 -8 5 3 -6.5 -2.59808
198 -8 4 4 -6 -3.4641
199 -8 3 5 -5.5 -4.33013
200 -8 2 6 -5 -5.19615
201 -8 1 7 -4.5 -6.06218
202 -8 0 8 -4 -6.9282
203 -7 -1 8 -3 -6.9282
204 -6 -2 8 -2 -6.9282
205 -5 -3 8 -1 -6.9282
206 -4 -4 8 0 -6.9282
207 -3 -5 8 1 -6.9282
208 -2 -6 8 2 -6.9282
209 -1 -7 8 3 -6.9282
210 0 -8 8 4 -6.9282
211 1 -8 7 4.5 -6.06218
212 2 -8 6 5 -5.19615
213 3 -8 5 5.5 -4.33013
214 4 -8 4 6 -3.4641
215 5 -8 3 6.5 -2.59808
216 6 -8 2 7 -1.73205
217 7 -8 1 7.5 -0.866025
218 9 -9 0 9 0
219 9 -8 -1 8.5 0.866025
220 9 -7 -2 8 1.73205
221 9 -6 -3 7.5 2.59808
222 9 -5 -4 7 3.4641
223 9 -4 -5 6.5 4.33013
224 9 -3 -6 6 5.19615
225 9 -2 -7 5.5 6.06218
226 9 -1 -8 5 6.9282
227 9 0 -9 4.5 7.79423
228 8 1 -9 3.5 7.79423
229 7 2 -9 2.5 7.79423
230 6 3 -9 1.5 7.79423
231 5 4 -9 0.5 7.79423
232 4 5 -9 -0.5 7.79423
233 3 6 -9 -1.5 7.79423
234 2 7 -9 -2.5 7.79423
235 1 8 -9 -3.5 7.79423
236 0 9 -9 -4.5 7.79423
237 -1 9 -8 -5 6.9282
238 -2 9 -7 -5.5 6.06218
239 -3 9 -6 -6 5.19615
240 -4 9 -5 -6.5 4.33013
241 -5 9 -4 -7 3.4641
242 -6 9 -3 -7.5 2.59808
243 -7 9 -2 -8 1.73205
244 -8 9 -1 -8.5 0.866025
245 -9 9 0 -9 0
246 -9 8 1 -8.5 -0.866025
247 -9 7 2 -8 -1.73205
248 -9 6 3 -7.5 -2.59808
249 -9 5 4 -7 -3.4641
250 -9 4 5 -6.5 -4.33013
251 -9 3 6 -6 -5.19615
252 -9 2 7 -5.5 -6.06218
253 -9 1 8 -5 -6.9282
254 -9 0 9 -4.5 -7.79423
255 -8 -1 9 -3.5 -7.79423
256 -7 -2 9 -2.5 -7.79423
257 -6 -3 9 -1.5 -7.79423
258 -5 -4 9 -0.5 -7.79423
259 -4 -5 9 0.5 -7.79423
260 -3 -6 9 1.5 -7.79423
261 -2 -7 9 2.5 -7.79423
262 -1 -8 9 3.5 -7.79423
263 0 -9 9 4.5 -7.79423
264 1 -9 8 5 -6.9282
265 2 -9 7 5.5 -6.06218
266 3 -9 6 6 -5.19615
267 4 -9 5 6.5 -4.33013
268 5 -9 4 7 -3.4641
269 6 -9 3 7.5 -2.59808
270 7 -9 2 8 -1.73205
271 8 -9 1 8.5 -0.866025
272 10 -10 0 10 0
273 10 -9 -1 9.5 0.866025
274 10 -8 -2 9 1.73205
275 10 -7 -3 8.5 2.59808
276 10 -6 -4 8 3.4641
277 10 -5 -5 7.5 4.33013
278 10 -4 -6 7 5.19615
279 10 -3 -7 6.5 6.06218
280 10 -2 -8 6 6.9282
281 10 -1 -9 5.5 7.79423
282 10 0 -10 5 8.66025
283 9 1 -10 4 8.66025
284 8 2 -10 3 8.66025
285 7 3 -10 2 8.66025
286 6 4 -10 1 8.66025
287 5 5 -10 0 8.66025
288 4 6 -10 -1 8.66025
289 3 7 -10 -2 8.66025
290 2 8 -10 -3 8.66025
291 1 9 -10 -4 8.66025
292 0 10 -10 -5 8.66025
293 -1 10 -9 -5.5 7.79423
294 -2 10 -8 -6 6.9282
295 -3 10 -7 -6.5 6.06218
296 -4 10 -6 -7 5.19615
297 -5 10 -5 -7.5 4.33013
298 -6 10 -4 -8 3.4641
299 -7 10 -3 -8.5 2.59808
300 -8 10 -2 -9 1.73205
301 -9 10 -1 -9.5 0.866025
302 -10 10 0 -10 0
303 -10 9 1 -9.5 -0.866025
304 -10 8 2 -9 -1.73205
305 -10 7 3 -8.5 -2.59808
306 -10 6 4 -8 -3.4641
307 -10 5 5 -7.5 -4.33013
308 -10 4 6 -7 -5.19615
309 -10 3 7 -6.5 -6.06218
310 -10 2 8 -6 -6.9282
311 -10 1 9 -5.5 -7.79423
312 -10 0 10 -5 -8.66025
313 -9 -1 10 -4 -8.66025
314 -8 -2 10 -3 -8.66025
315 -7 -3 10 -2 -8.66025
316 -6 -4 10 -1 -8.66025
317 -5 -5 10 0 -8.66025
318 -4 -6 10 1 -8.66025
319 -3 -7 10 2 -8.66025
320 -2 -8 10 3 -8.66025
321 -1 -9 10 4 -8.66025
322 0 -10 10 5 -8.66025
323 1 -10 9 5.5 -7.79423
324 2 -10 8 6 -6.9282
325 3 -10 7 6.5 -6.06218
326 4 -10 6 7 -5.19615
327 5 -10 5 7.5 -4.33013
328 6 -10 4 8 -3.4641
329 7 -10 3 8.5 -2.59808
330 8 -10 2 9 -1.73205
331 9 -10 1 9.5 -0.866025
332 11 -11 0 11 0
333 11 -10 -1 10.5 0.866025
334 11 -9 -2 10 1.73205
335 11 -8 -3 9.5 2.59808
336 11 -7 -4 9 3.4641
337 11 -6 -5 8.5 4.33013
338 11 -5 -6 8 5.19615
339 11 -4 -7 7.5 6.06218
340 11 -3 -8 7 6.9282
341 11 -2 -9 6.5 7.79423
342 11 -1 -10 6 8.66025
343 11 0 -11 5.5 9.52628
344 10 1 -11 4.5 9.52628
345 9 2 -11 3.5 9.52628
346 8 3 -11 2.5 9.52628
347 7 4 -11 1.5 9.52628
348 6 5 -11 0.5 9.52628
349 5 6 -11 -0.5 9.52628
350 4 7 -11 -1.5 9.52628
351 3 8 -11 -2.5 9.52628
352 2 9 -11 -3.5 9.52628
353 1 10 -11 -4.5 9.52628
354 0 11 -11 -5.5 9.52628
355 -1 11 -10 -6 8.66025
356 -2 11 -9 -6.5 7.79423
357 -3 11 -8 -7 6.9282
358 -4 11 -7 -7.5 6.06218
359 -5 11 -6 -8 5.19615
360 -6 11 -5 -8.5 4.33013
361 -7 11 -4 -9 3.4641
362 -8 11 -3 -9.5 2.59808
363 -9 11 -2 -10 1.73205
364 -10 11 -1 -10.5 0.866025
365 -11 11 0 -11 0
366 -11 10 1 -10.5 -0.866025
367 -11 9 2 -10 -1.73205
368 -11 8 3 -9.5 -2.59808
369 -11 7 4 -9 -3.4641
370 -11 6 5 -8.5 -4.33013
371 -11 5 6 -8 -5.19615
372 -11 4 7 -7.5 -6.06218
373 -11 3 8 -7 -6.9282
374 -11 2 9 -6.5 -7.79423
375 -11 1 10 -6 -8.66025
376 -11 0 11 -5.5 -9.52628
377 -10 -1 11 -4.5 -9.52628
378 -9 -2 11 -3.5 -9.52628
379 -8 -3 11 -2.5 -9.52628
380 -7 -4 11 -1.5 -9.52628
381 -6 -5 11 -0.5 -9.52628
382 -5 -6 11 0.5 -9.52628
383 -4 -7 11 1.5 -9.52628
384 -3 -8 11 2.5 -9.52628
385 -2 -9 11 3.5 -9.52628
386 -1 -10 11 4.5 -9.52628
387 0 -11 11 5.5 -9.52628
388 1 -11 10 6 -8.66025
389 2 -11 9 6.5 -7.79423
390 3 -11 8 7 -6.9282
391 4 -11 7 7.5 -6.06218
392 5 -11 6 8 -5.19615
393 6 -11 5 8.5 -4.33013
394 7 -11 4 9 -3.4641
395 8 -11 3 9.5 -2.59808
396 9 -11 2 10 -1.73205
397 10 -11 1 10.5 -0.866025
398 12 -12 0 12 0
399 12 -11 -1 11.5 0.866025
400 12 -10 -2 11 1.73205
401 12 -9 -3 10.5 2.59808
402 12 -8 -4 10 3.4641
403 12 -7 -5 9.5 4.33013
404 12 -6 -6 9 5.19615
405 12 -5 -7 8.5 6.06218
406 12 -4 -8 8 6.9282
407 12 -3 -9 7.5 7.79423
408 12 -2 -10 7 8.66025
409 12 -1 -11 6.5 9.52628
410 12 0 -12 6 10.3923
411 11 1 -12 5 10.3923
412 10 2 -12 4 10.3923
413 9 3 -12 3 10.3923
414 8 4 -12 2 10.3923
415 7 5 -12 1 10.3923
416 6 6 -12 0 10.3923
417 5 7 -12 -1 10.3923
418 4 8 -12 -2 10.3923
419 3 9 -12 -3 10.3923
420 2 10 -12 -4 10.3923
421 1 11 -12 -5 10.3923
422 0 12 -12 -6 10.3923
423 -1 12 -11 -6.5 9.52628
424 -2 12 -10 -7 8.66025
425 -3 12 -9 -7.5 7.79423
426 -4 12 -8 -8 6.9282
427 -5 12 -7 -8.5 6.06218
428 -6 12 -6 -9 5.19615
429 -7 12 -5 -9.5 4.33013
430 -8 12 -4 -10 3.4641
431 -9 12 -3 -10.5 2.59808
432 -10 12 -2 -11 1.73205
433 -11 12 -1 -11.5 0.866025
434 -12 12 0 -12 0
435 -12 11 1 -11.5 -0.866025
436 -12 10 2 -11 -1.73205
437 -12 9 3 -10.5 -2.59808
438 -12 8 4 -10 -3.4641
439 -12 7 5 -9.5 -4.33013
440 -12 6 6 -9 -5.19615
441 -12 5 7 -8.5 -6.06218
442 -12 4 8 -8 -6.9282
443 -12 3 9 -7.5 -7.79423
444 -12 2 10 -7 -8.66025
445 -12 1 11 -6.5 -9.52628
446 -12 0 12 -6 -10.3923
447 -11 -1 12 -5 -10.3923
448 -10 -2 12 -4 -10.3923
449 -9 -3 12 -3 -10.3923
450 -8 -4 12 -2 -10.3923
451 -7 -5 12 -1 -10.3923
452 -6 -6 12 0 -10.3923
453 -5 -7 12 1 -10.3923
454 -4 -8 12 2 -10.3923
455 -3 -9 12 3 -10.3923
456 -2 -10 12 4 -10.3923
457 -1 -11 12 5 -10.3923
458 0 -12 12 6 -10.3923
459 1 -12 11 6.5 -9.52628
460 2 -12 10 7 -8.66025
461 3 -12 9 7.5 -7.79423
462 4 -12 8 8 -6.9282
463 5 -12 7 8.5 -6.06218
464 6 -12 6 9 -5.19615
465 7 -12 5 9.5 -4.33013
466 8 -12 4 10 -3.4641
467 9 -12 3 10.5 -2.59808
468 10 -12 2 11 -1.73205
469 11 -12 1 11.5 -0.866025
470 13 -13 0 13 0
471 13 -12 -1 12.5 0.866025
472 13 -11 -2 12 1.73205
473 13 -10 -3 11.5 2.59808
474 13 -9 -4 11 3.4641
475 13 -8 -5 10.5 4.33013
476 13 -7 -6 10 5.19615
477 13 -6 -7 9.5 6.06218
478 13 -5 -8 9 6.9282
479 13 -4 -9 8.5 7.79423
480 13 -3 -10 8 8.66025
481 13 -2 -11 7.5 9.52628
482 13 -1 -12 7 10.3923
483 13 0 -13 6.5 11.2583
484 12 1 -13 5.5 11.2583
485 11 2 -13 4.5 11.2583
486 10 3 -13 3.5 11.2583
487 9 4 -13 2.5 11.2583
488 8 5 -13 1.5 11.2583
489 7 6 -13 0.5 11.2583
490 6 7 -13 -0.5 11.2583
491 5 8 -13 -1.5 11.2583
492 4 9 -13 -2.5 11.2583
493 3 10 -13 -3.5 11.2583
494 2 11 -13 -4.5 11.2583
495 1 12 -13 -5.5 11.2583
496 0 13 -13 -6.5 11.2583
497 -1 13 -12 -7 10.3923
498 -2 13 -11 -7.5 9.52628
499 -3 13 -10 -8 8.66025
500 -4 13 -9 -8.5 7.79423
501 -5 13 -8 -9 6.9282
502 -6 13 -7 -9.5 6.06218
503 -7 13 -6 -10 5.19615
504 -8 13 -5 -10.5 4.33013
505 -9 13 -4 -11 3.4641
506 -10 13 -3 -11.5 2.59808
507 -11 13 -2 -12 1.73205
508 -12 13 -1 -12.5 0.866025
509 -13 13 0 -13 0
510 -13 12 1 -12.5 -0.866025
511 -13 11 2 -12 -1.73205
512 -13 10 3 -11.5 -2.59808
513 -13 9 4 -11 -3.4641
514 -13 8 5 -10.5 -4.33013
515 -13 7 6 -10 -5.19615
516 -13 6 7 -9.5 -6.06218
517 -13 5 8 -9 -6.9282
518 -13 4 9 -8.5 -7.79423
519 -13 3 10 -8 -8.66025
520 -13 2 11 -7.5 -9.52628
521 -13 1 12 -7 -10.3923
522 -13 0 13 -6.5 -11.2583
523 -12 -1 13 -5.5 -11.2583
524 -11 -2 13 -4.5 -11.2583
525 -10 -3 13 -3.5 -11.2583
526 -9 -4 13 -2.5 -11.2583
527 -8 -5 13 -1.5 -11.2583
528 -7 -6 13 -0.5 -11.2583
529 -6 -7 13 0.5 -11.2583
530 -5 -8 13 1.5 -11.2583
531 -4 -9 13 2.5 -11.2583
532 -3 -10 13 3.5 -11.2583
533 -2 -11 13 4.5 -11.2583
534 -1 -12 13 5.5 -11.2583
535 0 -13 13 6.5 -11.2583
536 1 -13 12 7 -10.3923
537 2 -13 11 7.5 -9.52628
538 3 -13 10 8 -8.66025
539 4 -13 9 8.5 -7.79423
540 5 -13 8 9 -6.9282
541 6 -13 7 9.5 -6.06218
542 7 -13 6 10 -5.19615
543 8 -13 5 10.5 -4.33013
544 9 -13 4 11 -3.4641
545 10 -13 3 11.5 -2.59808
546 11 -13 2 12 -1.73205
547 12 -13 1 12.5 -0.866025
548 14 -14 0 14 0
549 14 -13 -1 13.5 0.866025
550 14 -12 -2 13 1.73205
551 14 -11 -3 12.5 2.59808
552 14 -10 -4 12 3.4641
553 14 -9 -5 11.5 4.33013
554 14 -8 -6 11 5.19615
555 14 -7 -7 10.5 6.06218
556 14 -6 -8 10 6.9282
557 14 -5 -9 9.5 7.79423
558 14 -4 -10 9 8.66025
559 14 -3 -11 8.5 9.52628
560 14 -2 -12 8 10.3923
561 14 -1 -13 7.5 11.2583
562 14 0 -14 7 12.1244
563 13 1 -14 6 12.1244
564 12 2 -14 5 12.1244
565 11 3 -14 4 12.1244
566 10 4 -14 3 12.1244
567 9 5 -14 2 12.1244
568 8 6 -14 1 12.1244
569 7 7 -14 0 12.1244
570 6 8 -14 -1 12.1244
571 5 9 -14 -2 12.1244
572 4 10 -14 -3 12.1244
573 3 11 -14 -4 12.1244
574 2 12 -14 -5 12.1244
575 1 13 -14 -6 12.1244
576 0 14 -14 -7 12.1244
577 -1 14 -13 -7.5 11.2583
578 -2 14 -12 -8 10.3923
579 -3 14 -11 -8.5 9.52628
580 -4 14 -10 -9 8.66025
581 -5 14 -9 -9.5 7.79423
582 -6 14 -8 -10 6.9282
583 -7 14 -7 -10.5 6.06218
584 -8 14 -6 -11 5.19615
585 -9 14 -5 -11.5 4.33013
586 -10 14 -4 -12 3.4641
587 -11 14 -3 -12.5 2.59808
588 -12 14 -2 -13 1.73205
589 -13 14 -1 -13.5 0.866025
590 -14 14 0 -14 0
591 -14 13 1 -13.5 -0.866025
592 -14 12 2 -13 -1.73205
593 -14 11 3 -12.5 -2.59808
594 -14 10 4 -12 -3.4641
595 -14 9 5 -11.5 -4.33013
596 -14 8 6 -11 -5.19615
597 -14 7 7 -10.5 -6.06218
598 -14 6 8 -10 -6.9282
599 -14 5 9 -9.5 -7.79423
600 -14 4 10 -9 -8.66025
601 -14 3 11 -8.5 -9.52628
602 -14 2 12 -8 -10.3923
603 -14 1 13 -7.5 -11.2583
604 -14 0 14 -7 -12.1244
605 -13 -1 14 -6 -12.1244
606 -12 -2 14 -5 -12.1244
607 -11 -3 14 -4 -12.1244
608 -10 -4 14 -3 -12.1244
609 -9 -5 14 -2 -12.1244
610 -8 -6 14 -1 -12.1244
611 -7 -7 14 0 -12.1244
612 -6 -8 14 1 -12.1244
613 -5 -9 14 2 -12.1244
614 -4 -10 14 3 -12.1244
615 -3 -11 14 4 -12.1244
616 -2 -12 14 5 -12.1244
617 -1 -13 14 6 -12.1244
618 0 -14 14 7 -12.1244
619 1 -14 13 7.5 -11.2583
620 2 -14 12 8 -10.3923
621 3 -14 11 8.5 -9.52628
622 4 -14 10 9 -8.66025
623 5 -14 9 9.5 -7.79423
624 6 -14 8 10 -6.9282
625 7 -14 7 10.5 -6.06218
626 8 -14 6 11 -5.19615
627 9 -14 5 11.5 -4.33013
628 10 -14 4 12 -3.4641
629 11 -14 3 12.5 -2.59808
630 12 -14 2 13 -1.73205
631 13 -14 1 13.5 -0.866025
632 15 -15 0 15 0
633 15 -14 -1 14.5 0.866025
634 15 -13 -2 14 1.73205
635 15 -12 -3 13.5 2.59808
636 15 -11 -4 13 3.4641
637 15 -10 -5 12.5 4.33013
638 15 -9 -6 12 5.19615
639 15 -8 -7 11.5 6.06218
640 15 -7 -8 11 6.9282
641 15 -6 -9 10.5 7.79423
642 15 -5 -10 10 8.66025
643 15 -4 -11 9.5 9.52628
644 15 -3 -12 9 10.3923
645 15 -2 -13 8.5 11.2583
646 15 -1 -14 8 12.1244
647 15 0 -15 7.5 12.9904
648 14 1 -15 6.5 12.9904
649 13 2 -15 5.5 12.9904
650 12 3 -15 4.5 12.9904
651 11 4 -15 3.5 12.9904
652 10 5 -15 2.5 12.9904
653 9 6 -15 1.5 12.9904
654 8 7 -15 0.5 12.9904
655 7 8 -15 -0.5 12.9904
656 6 9 -15 -1.5 12.9904
657 5 10 -15 -2.5 12.9904
658 4 11 -15 -3.5 12.9904
659 3 12 -15 -4.5 12.9904
660 2 13 -15 -5.5 12.9904
661 1 14 -15 -6.5 12.9904
662 0 15 -15 -7.5 12.9904
663 -1 15 -14 -8 12.1244
664 -2 15 -13 -8.5 11.2583
665 -3 15 -12 -9 10.3923
666 -4 15 -11 -9.5 9.52628
667 -5 15 -10 -10 8.66025
668 -6 15 -9 -10.5 7.79423
669 -7 15 -8 -11 6.9282
670 -8 15 -7 -11.5 6.06218
671 -9 15 -6 -12 5.19615
672 -10 15 -5 -12.5 4.33013
673 -11 15 -4 -13 3.4641
674 -12 15 -3 -13.5 2.59808
675 -13 15 -2 -14 1.73205
676 -14 15 -1 -14.5 0.866025
677 -15 15 0 -15 0
678 -15 14 1 -14.5 -0.866025
679 -15 13 2 -14 -1.73205
680 -15 12 3 -13.5 -2.59808
681 -15 11 4 -13 -3.4641
682 -15 10 5 -12.5 -4.33013
683 -15 9 6 -12 -5.19615
684 -15 8 7 -11.5 -6.06218
685 -15 7 8 -11 -6.9282
686 -15 6 9 -10.5 -7.79423
687 -15 5 10 -10 -8.66025
688 -15 4 11 -9.5 -9.52628
689 -15 3 12 -9 -10.3923
690 -15 2 13 -8.5 -11.2583
691 -15 1 14 -8 -12.1244
692 -15 0 15 -7.5 -12.9904
693 -14 -1 15 -6.5 -12.9904
694 -13 -2 15 -5.5 -12.9904
695 -12 -3 15 -4.5 -12.9904
696 -11 -4 15 -3.5 -12.9904
697 -10 -5 15 -2.5 -12.9904
698 -9 -6 15 -1.5 -12.9904
699 -8 -7 15 -0.5 -12.9904
700 -7 -8 15 0.5 -12.9904
701 -6 -9 15 1.5 -12.9904
702 -5 -10 15 2.5 -12.9904
703 -4 -11 15 3.5 -12.9904
704 -3 -12 15 4.5 -12.9904
705 -2 -13 15 5.5 -12.9904
706 -1 -14 15 6.5 -12.9904
707 0 -15 15 7.5 -12.9904
708 1 -15 14 8 -12.1244
709 2 -15 13 8.5 -11.2583
710 3 -15 12 9 -10.3923
711 4 -15 11 9.5 -9.52628
712 5 -15 10 10 -8.66025
713 6 -15 9 10.5 -7.79423
714 7 -15 8 11 -6.9282
715 8 -15 7 11.5 -6.06218
716 9 -15 6 12 -5.19615
717 10 -15 5 12.5 -4.33013
718 11 -15 4 13 -3.4641
719 12 -15 3 13.5 -2.59808
720 13 -15 2 14 -1.73205
721 14 -15 1 14.5 -0.866025
722 16 -16 0 16 0
723 16 -15 -1 15.5 0.866025
724 16 -14 -2 15 1.73205
725 16 -13 -3 14.5 2.59808
726 16 -12 -4 14 3.4641
727 16 -11 -5 13.5 4.33013
728 16 -10 -6 13 5.19615
729 16 -9 -7 12.5 6.06218
730 16 -8 -8 12 6.9282
731 16 -7 -9 11.5 7.79423
732 16 -6 -10 11 8.66025
733 16 -5 -11 10.5 9.52628
734 16 -4 -12 10 10.3923
735 16 -3 -13 9.5 11.2583
736 16 -2 -14 9 12.1244
737 16 -1 -15 8.5 12.9904
738 16 0 -16 8 13.8564
739 15 1 -16 7 13.8564
740 14 2 -16 6 13.8564
741 13 3 -16 5 13.8564
742 12 4 -16 4 13.8564
743 11 5 -16 3 13.8564
744 10 6 -16 2 13.8564
745 9 7 -16 1 13.8564
746 8 8 -16 0 13.8564
747 7 9 -16 -1 13.8564
748 6 10 -16 -2 13.8564
749 5 11 -16 -3 13.8564
750 4 12 -16 -4 13.8564
751 3 13 -16 -5 13.8564
752 2 14 -16 -6 13.8564
753 1 15 -16 -7 13.8564
754 0 16 -16 -8 13.8564
755 -1 16 -15 -8.5 12.9904
756 -2 16 -14 -9 12.1244
757 -3 16 -13 -9.5 11.2583
758 -4 16 -12 -10 10.3923
759 -5 16 -11 -10.5 9.52628
760 -6 16 -10 -11 8.66025
761 -7 16 -9 -11.5 7.79423
762 -8 16 -8 -12 6.9282
763 -9 16 -7 -12.5 6.06218
764 -10 16 -6 -13 5.19615
765 -11 16 -5 -13.5 4.33013
766 -12 16 -4 -14 3.4641
767 -13 16 -3 -14.5 2.59808
768 -14 16 -2 -15 1.73205
769 -15 16 -1 -15.5 0.866025
770 -16 16 0 -16 0
771 -16 15 1 -15.5 -0.866025
772 -16 14 2 -15 -1.73205
773 -16 13 3 -14.5 -2.59808
774 -16 12 4 -14 -3.4641
775 -16 11 5 -13.5 -4.33013
776 -16 10 6 -13 -5.19615
777 -16 9 7 -12.5 -6.06218
778 -16 8 8 -12 -6.9282
779 -16 7 9 -11.5 -7.79423
780 -16 6 10 -11 -8.66025
781 -16 5 11 -10.5 -9.52628
782 -16 4 12 -10 -10.3923
783 -16 3 13 -9.5 -11.2583
784 -16 2 14 -9 -12.1244
785 -16 1 15 -8.5 -12.9904
786 -16 0 16 -8 -13.8564
787 -15 -1 16 -7 -13.8564
788 -14 -2 16 -6 -13.8564
789 -13 -3 16 -5 -13.8564
790 -12 -4 16 -4 -13.8564
791 -11 -5 16 -3 -13.8564
792 -10 -6 16 -2 -13.8564
793 -9 -7 16 -1 -13.8564
794 -8 -8 16 0 -13.8564
795 -7 -9 16 1 -13.8564
796 -6 -10 16 2 -13.8564
797 -5 -11 16 3 -13.8564
798 -4 -12 16 4 -13.8564
799 -3 -13 16 5 -13.8564
800 -2 -14 16 6 -13.8564
801 -1 -15 16 7 -13.8564
802 0 -16 16 8 -13.8564
803 1 -16 15 8.5 -12.9904
804 2 -16 14 9 -12.1244
805 3 -16 13 9.5 -11.2583
806 4 -16 12 10 -10.3923
807 5 -16 11 10.5 -9.52628
808 6 -16 10 11 -8.66025
809 7 -16 9 11.5 -7.79423
810 8 -16 8 12 -6.9282
811 9 -16 7 12.5 -6.06218
812 10 -16 6 13 -5.19615
813 11 -16 5 13.5 -4.33013
814 12 -16 4 14 -3.4641
815 13 -16 3 14.5 -2.59808
816 14 -16 2 15 -1.73205
817 15 -16 1 15.5 -0.866025
818 17 -17 0 17 0
819 17 -16 -1 16.5 0.866025
820 17 -15 -2 16 1.73205
821 17 -14 -3 15.5 2.59808
822 17 -13 -4 15 3.4641
823 17 -12 -5 14.5 4.33013
824 17 -11 -6 14 5.19615
825 17 -10 -7 13.5 6.06218
826 17 -9 -8 13 6.9282
827 17 -8 -9 12.5 7.79423
828 17 -7 -10 12 8.66025
829 17 -6 -11 11.5 9.52628
830 17 -5 -12 11 10.3923
831 17 -4 -13 10.5 11.2583
832 17 -3 -14 10 12.1244
833 17 -2 -15 9.5 12.9904
834 17 -1 -16 9 13.8564
835 17 0 -17 8.5 14.7224
836 16 1 -17 7.5 14.7224
837 15 2 -17 6.5 14.7224
838 14 3 -17 5.5 14.7224
839 13 4 -17 4.5 14.7224
840 12 5 -17 3.5 14.7224
841 11 6 -17 2.5 14.7224
842 10 7 -17 1.5 14.7224
843 9 8 -17 0.5 14.7224
844 8 9 -17 -0.5 14.7224
845 7 10 -17 -1.5 14.7224
846 6 11 -17 -2.5 14.7224
847 5 12 -17 -3.5 14.7224
848 4 13 -17 -4.5 14.7224
849 3 14 -17 -5.5 14.7224
850 2 15 -17 -6.5 14.7224
851 1 16 -17 -7.5 14.7224
852 0 17 -17 -8.5 14.7224
853 -1 17 -16 -9 13.8564
854 -2 17 -15 -9.5 12.9904
855 -3 17 -14 -10 12.1244
856 -4 17 -13 -10.5 11.2583
857 -5 17 -12 -11 10.3923
858 -6 17 -11 -11.5 9.52628
859 -7 17 -10 -12 8.66025
860 -8 17 -9 -12.5 7.79423
861 -9 17 -8 -13 6.9282
862 -10 17 -7 -13.5 6.06218
863 -11 17 -6 -14 5.19615
864 -12 17 -5 -14.5 4.33013
865 -13 17 -4 -15 3.4641
866 -14 17 -3 -15.5 2.59808
867 -15 17 -2 -16 1.73205
868 -16 17 -1 -16.5 0.866025
869 -17 17 0 -17 0
870 -17 16 1 -16.5 -0.866025
871 -17 15 2 -16 -1.73205
872 -17 14 3 -15.5 -2.59808
873 -17 13 4 -15 -3.4641
874 -17 12 5 -14.5 -4.33013
875 -17 11 6 -14 -5.19615
876 -17 10 7 -13.5 -6.06218
877 -17 9 8 -13 -6.9282
878 -17 8 9 -12.5 -7.79423
879 -17 7 10 -12 -8.66025
880 -17 6 11 -11.5 -9.52628
881 -17 5 12 -11 -10.3923
882 -17 4 13 -10.5 -11.2583
883 -17 3 14 -10 -12.1244
884 -17 2 15 -9.5 -12.9904
885 -17 1 16 -9 -13.8564
886 -17 0 17 -8.5 -14.7224
887 -16 -1 17 -7.5 -14.7224
888 -15 -2 17 -6.5 -14.7224
889 -14 -3 17 -5.5 -14.7224
890 -13 -4 17 -4.5 -14.7224
891 -12 -5 17 -3.5 -14.7224
892 -11 -6 17 -2.5 -14.7224
893 -10 -7 17 -1.5 -14.7224
894 -9 -8 17 -0.5 -14.7224
895 -8 -9 17 0.5 -14.7224
896 -7 -10 17 1.5 -14.7224
897 -6 -11 17 2.5 -14.7224
898 -5 -12 17 3.5 -14.7224
899 -4 -13 17 4.5 -14.7224
900 -3 -14 17 5.5 -14.7224
901 -2 -15 17 6.5 -14.7224
902 -1 -16 17 7.5 -14.7224
903 0 -17 17 8.5 -14.7224
904 1 -17 16 9 -13.8564
905 2 -17 15 9.5 -12.9904
906 3 -17 14 10 -12.1244
907 4 -17 13 10.5 -11.2583
908 5 -17 12 11 -10.3923
909 6 -17 11 11.5 -9.52628
910 7 -17 10 12 -8.66025
911 8 -17 9 12.5 -7.79423
912 9 -17 8 13 -6.9282
913 10 -17 7 13.5 -6.06218
914 11 -17 6 14 -5.19615
915 12 -17 5 14.5 -4.33013
916 13 -17 4 15 -3.4641
917 14 -17 3 15.5 -2.59808
918 15 -17 2 16 -1.73205
919 16 -17 1 16.5 -0.866025
920 18 -18 0 18 0
921 18 -17 -1 17.5 0.866025
922 18 -16 -2 17 1.73205
923 18 -15 -3 16.5 2.59808
924 18 -14 -4 16 3.4641
925 18 -13 -5 15.5 4.33013
926 18 -12 -6 15 5.19615
927 18 -11 -7 14.5 6.06218
928 18 -10 -8 14 6.9282
929 18 -9 -9 13.5 7.79423
930 18 -8 -10 13 8.66025
931 18 -7 -11 12.5 9.52628
932 18 -6 -12 12 10.3923
933 18 -5 -13 11.5 11.2583
934 18 -4 -14 11 12.1244
935 18 -3 -15 10.5 12.9904
936 18 -2 -16 10 13.8564
937 18 -1 -17 9.5 14.7224
938 18 0 -18 9 15.5885
939 17 1 -18 8 15.5885
940 16 2 -18 7 15.5885
941 15 3 -18 6 15.5885
942 14 4 -18 5 15.5885
943 13 5 -18 4 15.5885
944 12 6 -18 3 15.5885
945 11 7 -18 2 15.5885
946 10 8 -18 1 15.5885
947 9 9 -18 0 15.5885
948 8 10 -18 -1 15.5885
949 7 11 -18 -2 15.5885
950 6 12 -18 -3 15.5885
951 5 13 -18 -4 15.5885
952 4 14 -18 -5 15.5885
953 3 15 -18 -6 15.5885
954 2 16 -18 -7 15.5885
955 1 17 -18 -8 15.5885
956 0 18 -18 -9 15.5885
957 -1 18 -17 -9.5 14.7224
958 -2 18 -16 -10 13.8564
959 -3 18 -15 -10.5 12.9904
960 -4 18 -14 -11 12.1244
961 -5 18 -13 -11.5 11.2583
962 -6 18 -12 -12 10.3923
963 -7 18 -11 -12.5 9.52628
964 -8 18 -10 -13 8.66025
965 -9 18 -9 -13.5 7.79423
966 -10 18 -8 -14 6.9282
967 -11 18 -7 -14.5 6.06218
968 -12 18 -6 -15 5.19615
969 -13 18 -5 -15.5 4.33013
970 -14 18 -4 -16 3.4641
971 -15 18 -3 -16.5 2.59808
972 -16 18 -2 -17 1.73205
973 -17 18 -1 -17.5 0.866025
974 -18 18 0 -18 0
975 -18 17 1 -17.5 -0.866025
976 -18 16 2 -17 -1.73205
977 -18 15 3 -16.5 -2.59808
978 -18 14 4 -16 -3.4641
979 -18 13 5 -15.5 -4.33013
980 -18 12 6 -15 -5.19615
981 -18 11 7 -14.5 -6.06218
982 -18 10 8 -14 -6.9282
983 -18 9 9 -13.5 -7.79423
984 -18 8 10 -13 -8.66025
985 -18 7 11 -12.5 -9.52628
986 -18 6 12 -12 -10.3923
987 -18 5 13 -11.5 -11.2583
988 -18 4 14 -11 -12.1244
989 -18 3 15 -10.5 -12.9904
990 -18 2 16 -10 -13.8564
991 -18 1 17 -9.5 -14.7224
992 -18 0 18 -9 -15.5885
993 -17 -1 18 -8 -15.5885
994 -16 -2 18 -7 -15.5885
995 -15 -3 18 -6 -15.5885
996 -14 -4 18 -5 -15.5885
997 -13 -5 18 -4 -15.5885
998 -12 -6 18 -3 -15.5885
999 -11 -7 18 -2 -15.5885
1000 -10 -8 18 -1 -15.5885
1001 -9 -9 18 0 -15.5885
1002 -8 -10 18 1 -15.5885
1003 -7 -11 18 2 -15.5885
1004 -6 -12 18 3 -15.5885
1005 -5 -13 18 4 -15.5885
1006 -4 -14 18 5 -15.5885
1007 -3 -15 18 6 -15.5885
1008 -2 -16 18 7 -15.5885
1009 -1 -17 18 8 -15.5885
1010 0 -18 18 9 -15.5885
1011 1 -18 17 9.5 -14.7224
1012 2 -18 16 10 -13.8564
1013 3 -18 15 10.5 -12.9904
1014 4 -18 14 11 -12.1244
1015 5 -18 13 11.5 -11.2583
1016 6 -18 12 12 -10.3923
1017 7 -18 11 12.5 -9.52628
1018 8 -18 10 13 -8.66025
1019 9 -18 9 13.5 -7.79423
1020 10 -18 8 14 -6.9282
1021 11 -18 7 14.5 -6.06218
1022 12 -18 6 15 -5.19615
1023 13 -18 5 15.5 -4.33013
1024 14 -18 4 16 -3.4641
1025 15 -18 3 16.5 -2.59808
1026 16 -18 2 17 -1.73205
1027 17 -18 1 17.5 -0.866025
1028 19 -19 0 19 0
1029 19 -18 -1 18.5 0.866025
1030 19 -17 -2 18 1.73205
1031 19 -16 -3 17.5 2.59808
1032 19 -15 -4 17 3.4641
1033 19 -14 -5 16.5 4.33013
1034 19 -13 -6 16 5.19615
1035 19 -12 -7 15.5 6.06218
1036 19 -11 -8 15 6.9282
1037 19 -10 -9 14.5 7.79423
1038 19 -9 -10 14 8.66025
1039 19 -8 -11 13.5 9.52628
1040 19 -7 -12 13 10.3923
1041 19 -6 -13 12.5 11.2583
1042 19 -5 -14 12 12.1244
1043 19 -4 -15 11.5 12.9904
1044 19 -3 -16 11 13.8564
1045 19 -2 -17 10.5 14.7224
1046 19 -1 -18 10 15.5885
1047 19 0 -19 9.5 16.4545
1048 18 1 -19 8.5 16.4545
1049 17 2 -19 7.5 16.4545
1050 16 3 -19 6.5 16.4545
1051 15 4 -19 5.5 16.4545
1052 14 5 -19 4.5 16.4545
1053 13 6 -19 3.5 16.4545
1054 12 7 -19 2.5 16.4545
1055 11 8 -19 1.5 16.4545
1056 10 9 -19 0.5 16.4545
1057 9 10 -19 -0.5 16.4545
1058 8 11 -19 -1.5 16.4545
1059 7 12 -19 -2.5 16.4545
1060 6 13 -19 -3.5 16.4545
1061 5 14 -19 -4.5 16.4545
1062 4 15 -19 -5.5 16.4545
1063 3 16 -19 -6.5 16.4545
1064 2 17 -19 -7.5 16.4545
1065 1 18 -19 -8.5 16.4545
1066 0 19 -19 -9.5 16.4545
1067 -1 19 -18 -10 15.5885
1068 -2 19 -17 -10.5 14.7224
1069 -3 19 -16 -11 13.8564
1070 -4 19 -15 -11.5 12.9904
1071 -5 19 -14 -12 12.1244
1072 -6 19 -13 -12.5 11.2583
1073 -7 19 -12 -13 10.3923
1074 -8 19 -11 -13.5 9.52628
1075 -9 19 -10 -14 8.66025
1076 -10 19 -9 -14.5 7.79423
1077 -11 19 -8 -15 6.9282
1078 -12 19 -7 -15.5 6.06218
1079 -13 19 -6 -16 5.19615
1080 -14 19 -5 -16.5 4.33013
1081 -15 19 -4 -17 3.4641
1082 -16 19 -3 -17.5 2.59808
1083 -17 19 -2 -18 1.73205
1084 -18 19 -1 -18.5 0.866025
1085 -19 19 0 -19 0
1086 -19 18 1 -18.5 -0.866025
1087 -19 17 2 -18 -1.73205
1088 -19 16 3 -17.5 -2.59808
1089 -19 15 4 -17 -3.4641
1090 -19 14 5 -16.5 -4.33013
1091 -19 13 6 -16 -5.19615
1092 -19 12 7 -15.5 -6.06218
1093 -19 11 8 -15 -6.9282
1094 -19 10 9 -14.5 -7.79423
1095 -19 9 10 -14 -8.66025
1096 -19 8 11 -13.5 -9.52628
1097 -19 7 12 -13 -10.3923
1098 -19 6 13 -12.5 -11.2583
1099 -19 5 14 -12 -12.1244
1100 -19 4 15 -11.5 -12.9904
1101 -19 3 16 -11 -13.8564
1102 -19 2 17 -10.5 -14.7224
1103 -19 1 18 -10 -15.5885
1104 -19 0 19 -9.5 -16.4545
1105 -18 -1 19 -8.5 -16.4545
1106 -17 -2 19 -7.5 -16.4545
1107 -16 -3 19 -6.5 -16.4545
1108 -15 -4 19 -5.5 -16.4545
1109 -14 -5 19 -4.5 -16.4545
1110 -13 -6 19 -3.5 -16.4545
1111 -12 -7 19 -2.5 -16.4545
1112 -11 -8 19 -1.5 -16.4545
1113 -10 -9 19 -0.5 -16.4545
1114 -9 -10 19 0.5 -16.4545
1115 -8 -11 19 1.5 -16.4545
1116 -7 -12 19 2.5 -16.4545
1117 -6 -13 19 3.5 -16.4545
1118 -5 -14 19 4.5 -16.4545
1119 -4 -15 19 5.5 -16.4545
1120 -3 -16 19 6.5 -16.4545
1121 -2 -17 19 7.5 -16.4545
1122 -1 -18 19 8.5 -16.4545
1123 0 -19 19 9.5 -16.4545
1124 1 -19 18 10 -15.5885
1125 2 -19 17 10.5 -14.7224
1126 3 -19 16 11 -13.8564
1127 4 -19 15 11.5 -12.9904
1128 5 -19 14 12 -12.1244
1129 6 -19 13 12.5 -11.2583
1130 7 -19 12 13 -10.3923
1131 8 -19 11 13.5 -9.52628
1132 9 -19 10 14 -8.66025
1133 10 -19 9 14.5 -7.79423
1134 11 -19 8 15 -6.9282
1135 12 -19 7 15.5 -6.06218
1136 13 -19 6 16 -5.19615
1137 14 -19 5 16.5 -4.33013
1138 15 -19 4 17 -3.4641
1139 16 -19 3 17.5 -2.59808
1140 17 -19 2 18 -1.73205
1141 18 -19 1 18.5 -0.866025
