201.00 5.00 5800.00
202.00 5.05 5800.00
203.00 5.10 5800.00
204.00 5.15 5800.00
205.00 5.20 5800.00
206.00 5.25 5800.00
207.00 5.30 5800.00
208.00 5.36 5800.00
209.00 5.41 5800.00
210.00 5.46 5800.00
211.00 5.51 5800.00
212.00 5.57 5800.00
213.00 5.62 5800.00
214.00 5.67 5800.00
215.00 5.72 5800.00
216.00 5.78 5800.00
217.00 5.83 5800.00
218.00 5.89 5800.00
219.00 5.94 5800.00
220.00 6.00 5800.00
221.00 6.05 5800.00
222.00 6.11 5800.00
223.00 6.16 5800.00
224.00 6.22 5800.00
225.00 6.27 5800.00
226.00 6.33 5800.00
227.00 6.38 5800.00
228.00 6.44 5800.00
229.00 6.50 5800.00
230.00 6.56 5800.00
231.00 6.61 5800.00
232.00 6.67 5800.00
233.00 6.73 5800.00
234.00 6.79 5800.00
235.00 6.84 5800.00
236.00 6.90 5800.00
237.00 6.96 5800.00
238.00 7.02 5800.00
239.00 7.08 5800.00
240.00 7.14 5800.00
241.00 7.20 5800.00
242.00 7.26 5800.00
243.00 7.32 5800.00
244.00 7.38 5800.00
245.00 7.44 5800.00
246.00 7.50 5800.00
247.00 7.56 5800.00
248.00 7.63 5800.00
249.00 7.69 5800.00
250.00 7.75 5800.00
251.00 7.81 5800.00
252.00 7.88 5800.00
253.00 7.94 5800.00
254.00 8.00 5800.00
255.00 8.06 5800.00
256.00 8.13 5800.00
257.00 8.19 5800.00
258.00 8.26 5800.00
259.00 8.32 5800.00
260.00 8.39 5800.00
261.00 8.45 5800.00
262.00 8.52 5800.00
263.00 8.58 5800.00
264.00 8.65 5800.00
265.00 8.71 5800.00
266.00 8.78 5800.00
267.00 8.84 5800.00
268.00 8.91 5800.00
269.00 8.98 5800.00
270.00 9.05 5800.00
271.00 9.11 5800.00
272.00 9.18 5800.00
273.00 9.25 5800.00
274.00 9.32 5800.00
275.00 9.38 5800.00
276.00 9.45 5800.00
277.00 9.52 5800.00
278.00 9.59 5800.00
279.00 9.66 5800.00
280.00 9.73 5800.00
281.00 9.80 5800.00
282.00 9.87 5800.00
283.00 9.94 5800.00
284.00 10.01 5800.00
285.00 10.08 5800.00
286.00 10.15 5800.00
287.00 10.22 5800.00
288.00 10.30 5800.00
289.00 10.37 5800.00
290.00 10.44 5800.00
291.00 10.51 5800.00
292.00 10.59 5800.00
293.00 10.66 5800.00
294.00 10.73 5800.00
295.00 10.80 5800.00
296.00 10.88 5800.00
297.00 10.95 5800.00
298.00 11.03 5800.00
299.00 11.10 5800.00
300.00 11.18 5800.00
301.00 11.25 5800.00
302.00 11.33 5800.00
303.00 11.40 5800.00
304.00 11.48 5800.00
305.00 11.55 5800.00
306.00 11.63 5800.00
307.00 11.70 5800.00
308.00 11.78 5800.00
309.00 11.86 5800.00
310.00 11.94 5800.00
311.00 12.01 5800.00
312.00 12.09 5800.00
313.00 12.17 5800.00
314.00 12.25 5800.00
315.00 12.32 5800.00
316.00 12.40 5800.00
317.00 12.48 5800.00
318.00 12.56 5800.00
319.00 12.64 5800.00
320.00 12.72 5800.00
321.00 12.80 5800.00
322.00 12.88 5800.00
323.00 12.96 5800.00
324.00 13.04 5800.00
325.00 13.12 5800.00
326.00 13.20 5800.00
327.00 13.28 5800.00
328.00 13.37 5800.00
329.00 13.45 5800.00
330.00 13.53 5800.00
331.00 13.61 5800.00
332.00 13.70 5800.00
333.00 13.78 5800.00
334.00 13.86 5800.00
335.00 13.94 5800.00
336.00 14.03 5800.00
337.00 14.11 5800.00
338.00 14.20 5800.00
339.00 14.28 5800.00
340.00 14.37 5800.00
341.00 14.45 5800.00
342.00 14.54 5800.00
343.00 14.62 5800.00
344.00 14.71 5800.00
345.00 14.79 5800.00
346.00 14.88 5800.00
347.00 14.96 5800.00
348.00 15.05 5800.00
349.00 15.14 5800.00
350.00 15.23 5800.00
351.00 15.31 5800.00
352.00 15.40 5800.00
353.00 15.49 5800.00
354.00 15.58 5800.00
355.00 15.66 5800.00
356.00 15.75 5800.00
357.00 15.84 5800.00
358.00 15.93 5800.00
359.00 16.02 5800.00
360.00 16.11 5800.00
361.00 16.20 5800.00
362.00 16.29 5800.00
363.00 16.38 5800.00
364.00 16.47 5800.00
365.00 16.56 5800.00
366.00 16.65 5800.00
367.00 16.74 5800.00
368.00 16.84 5800.00
369.00 16.93 5800.00
370.00 17.02 5800.00
371.00 17.11 5800.00
372.00 17.21 5800.00
373.00 17.30 5800.00
374.00 17.39 5800.00
375.00 17.48 5800.00
376.00 17.58 5800.00
377.00 17.67 5800.00
378.00 17.77 5800.00
379.00 17.86 5800.00
380.00 17.96 5800.00
381.00 18.05 5800.00
382.00 18.15 5800.00
383.00 18.24 5800.00
384.00 18.34 5800.00
385.00 18.43 5800.00
386.00 18.53 5800.00
387.00 18.62 5800.00
388.00 18.72 5800.00
389.00 18.82 5800.00
390.00 18.92 5800.00
391.00 19.01 5800.00
392.00 19.11 5800.00
393.00 19.21 5800.00
394.00 19.31 5800.00
395.00 19.40 5800.00
396.00 19.50 5800.00
397.00 19.60 5800.00
398.00 19.70 5800.00
399.00 19.80 5800.00
400.00 19.90 5800.00
401.00 20.00 5800.00
402.00 20.10 5800.00
403.00 20.20 5800.00
404.00 20.30 5800.00
405.00 20.40 5800.00
406.00 20.50 5800.00
407.00 20.60 5800.00
408.00 20.71 5800.00
409.00 20.81 5800.00
410.00 20.91 5800.00
411.00 21.01 5800.00
412.00 21.12 5800.00
413.00 21.22 5800.00
414.00 21.32 5800.00
415.00 21.42 5800.00
416.00 21.53 5800.00
417.00 21.63 5800.00
418.00 21.74 5800.00
419.00 21.84 5800.00
420.00 21.95 5800.00
421.00 22.05 5800.00
422.00 22.16 5800.00
423.00 22.26 5800.00
424.00 22.37 5800.00
425.00 22.47 5800.00
426.00 22.58 5800.00
427.00 22.68 5800.00
428.00 22.79 5800.00
429.00 22.90 5800.00
430.00 23.01 5800.00
431.00 23.11 5800.00
432.00 23.22 5800.00
433.00 23.33 5800.00
434.00 23.44 5800.00
435.00 23.54 5800.00
436.00 23.65 5800.00
437.00 23.76 5800.00
438.00 23.87 5800.00
439.00 23.98 5800.00
440.00 24.09 5800.00
441.00 24.20 5800.00
442.00 24.31 5800.00
443.00 24.42 5800.00
444.00 24.53 5800.00
445.00 24.64 5800.00
446.00 24.75 5800.00
447.00 24.86 5800.00
448.00 24.98 5800.00
449.00 25.09 5800.00
450.00 25.20 5800.00
451.00 25.31 5800.00
452.00 25.43 5800.00
453.00 25.54 5800.00
454.00 25.65 5800.00
455.00 25.76 5800.00
456.00 25.88 5800.00
457.00 25.99 5800.00
458.00 26.11 5800.00
459.00 26.22 5800.00
460.00 26.34 5800.00
461.00 26.45 5800.00
462.00 26.57 5800.00
463.00 26.68 5800.00
464.00 26.80 5800.00
465.00 26.91 5800.00
466.00 27.03 5800.00
467.00 27.14 5800.00
468.00 27.26 5800.00
469.00 27.38 5800.00
470.00 27.50 5800.00
471.00 27.61 5800.00
472.00 27.73 5800.00
473.00 27.85 5800.00
474.00 27.97 5800.00
475.00 28.08 5800.00
476.00 28.20 5800.00
477.00 28.32 5800.00
478.00 28.44 5800.00
479.00 28.56 5800.00
480.00 28.68 5800.00
481.00 28.80 5800.00
482.00 28.92 5800.00
483.00 29.04 5800.00
484.00 29.16 5800.00
485.00 29.28 5800.00
486.00 29.40 5800.00
487.00 29.52 5800.00
488.00 29.65 5800.00
489.00 29.77 5800.00
490.00 29.89 5800.00
491.00 30.01 5800.00
492.00 30.14 5800.00
493.00 30.26 5800.00
494.00 30.38 5800.00
495.00 30.50 5800.00
496.00 30.63 5800.00
497.00 30.75 5800.00
498.00 30.88 5800.00
499.00 31.00 5800.00
500.00 31.13 5800.00
501.00 31.25 5800.00
502.00 31.38 5800.00
503.00 31.50 5800.00
504.00 31.63 5800.00
505.00 31.75 5800.00
506.00 31.88 5800.00
507.00 32.00 5800.00
508.00 32.13 5800.00
509.00 32.26 5800.00
510.00 32.39 5800.00
511.00 32.51 5800.00
512.00 32.64 5800.00
513.00 32.77 5800.00
514.00 32.90 5800.00
515.00 33.02 5800.00
516.00 33.15 5800.00
517.00 33.28 5800.00
518.00 33.41 5800.00
519.00 33.54 5800.00
520.00 33.67 5800.00
521.00 33.80 5800.00
522.00 33.93 5800.00
523.00 34.06 5800.00
524.00 34.19 5800.00
525.00 34.32 5800.00
526.00 34.45 5800.00
527.00 34.58 5800.00
528.00 34.72 5800.00
529.00 34.85 5800.00
530.00 34.98 5800.00
531.00 35.11 5800.00
532.00 35.25 5800.00
533.00 35.38 5800.00
534.00 35.51 5800.00
535.00 35.64 5800.00
536.00 35.78 5800.00
537.00 35.91 5800.00
538.00 36.05 5800.00
539.00 36.18 5800.00
540.00 36.32 5800.00
541.00 36.45 5800.00
542.00 36.59 5800.00
543.00 36.72 5800.00
544.00 36.86 5800.00
545.00 36.99 5800.00
546.00 37.13 5800.00
547.00 37.26 5800.00
548.00 37.40 5800.00
549.00 37.54 5800.00
550.00 37.68 5800.00
551.00 37.81 5800.00
552.00 37.95 5800.00
553.00 38.09 5800.00
554.00 38.23 5800.00
555.00 38.36 5800.00
556.00 38.50 5800.00
557.00 38.64 5800.00
558.00 38.78 5800.00
559.00 38.92 5800.00
560.00 39.06 5800.00
561.00 39.20 5800.00
562.00 39.34 5800.00
563.00 39.48 5800.00
564.00 39.62 5800.00
565.00 39.76 5800.00
566.00 39.90 5800.00
567.00 40.04 5800.00
568.00 40.19 5800.00
569.00 40.33 5800.00
570.00 40.47 5800.00
571.00 40.61 5800.00
572.00 40.76 5800.00
573.00 40.90 5800.00
574.00 41.04 5800.00
575.00 41.18 5800.00
576.00 41.33 5800.00
577.00 41.47 5800.00
578.00 41.62 5800.00
579.00 41.76 5800.00
580.00 41.91 5800.00
581.00 42.05 5800.00
582.00 42.20 5800.00
583.00 42.34 5800.00
584.00 42.49 5800.00
585.00 42.63 5800.00
586.00 42.78 5800.00
587.00 42.92 5800.00
588.00 43.07 5800.00
589.00 43.22 5800.00
590.00 43.37 5800.00
591.00 43.51 5800.00
592.00 43.66 5800.00
593.00 43.81 5800.00
594.00 43.96 5800.00
595.00 44.10 5800.00
596.00 44.25 5800.00
597.00 44.40 5800.00
598.00 44.55 5800.00
599.00 44.70 5800.00
600.00 44.85 5800.00
601.00 45.00 5800.00
602.00 45.15 5800.00
603.00 45.30 5800.00
604.00 45.45 5800.00
605.00 45.60 5800.00
606.00 45.75 5800.00
607.00 45.90 5800.00
608.00 46.06 5800.00
609.00 46.21 5800.00
610.00 46.36 5800.00
611.00 46.51 5800.00
612.00 46.67 5800.00
613.00 46.82 5800.00
614.00 46.97 5800.00
615.00 47.12 5800.00
616.00 47.28 5800.00
617.00 47.43 5800.00
618.00 47.59 5800.00
619.00 47.74 5800.00
620.00 47.90 5800.00
621.00 48.05 5800.00
622.00 48.21 5800.00
623.00 48.36 5800.00
624.00 48.52 5800.00
625.00 48.67 5800.00
626.00 48.83 5800.00
627.00 48.98 5800.00
628.00 49.14 5800.00
629.00 49.30 5800.00
630.00 49.46 5800.00
631.00 49.61 5800.00
632.00 49.77 5800.00
633.00 49.93 5800.00
634.00 50.09 5800.00
635.00 50.24 5800.00
636.00 50.40 5800.00
637.00 50.56 5800.00
638.00 50.72 5800.00
639.00 50.88 5800.00
640.00 51.04 5800.00
641.00 51.20 5800.00
642.00 51.36 5800.00
643.00 51.52 5800.00
644.00 51.68 5800.00
645.00 51.84 5800.00
646.00 52.00 5800.00
647.00 52.16 5800.00
648.00 52.33 5800.00
649.00 52.49 5800.00
650.00 52.65 5800.00
651.00 52.81 5800.00
652.00 52.98 5800.00
653.00 53.14 5800.00
654.00 53.30 5800.00
655.00 53.46 5800.00
656.00 53.63 5800.00
657.00 53.79 5800.00
658.00 53.96 5800.00
659.00 54.12 5800.00
660.00 54.29 5800.00
661.00 54.45 5800.00
662.00 54.62 5800.00
663.00 54.78 5800.00
664.00 54.95 5800.00
665.00 55.11 5800.00
666.00 55.28 5800.00
667.00 55.44 5800.00
668.00 55.61 5800.00
669.00 55.78 5800.00
670.00 55.95 5800.00
671.00 56.11 5800.00
672.00 56.28 5800.00
673.00 56.45 5800.00
674.00 56.62 5800.00
675.00 56.78 5800.00
676.00 56.95 5800.00
677.00 57.12 5800.00
678.00 57.29 5800.00
679.00 57.46 5800.00
680.00 57.63 5800.00
681.00 57.80 5800.00
682.00 57.97 5800.00
683.00 58.14 5800.00
684.00 58.31 5800.00
685.00 58.48 5800.00
686.00 58.65 5800.00
687.00 58.82 5800.00
688.00 59.00 5800.00
689.00 59.17 5800.00
690.00 59.34 5800.00
691.00 59.51 5800.00
692.00 59.69 5800.00
693.00 59.86 5800.00
694.00 60.03 5800.00
695.00 60.20 5800.00
696.00 60.38 5800.00
697.00 60.55 5800.00
698.00 60.73 5800.00
699.00 60.90 5800.00
700.00 61.08 5800.00
701.00 61.25 5800.00
702.00 61.43 5800.00
703.00 61.60 5800.00
704.00 61.78 5800.00
705.00 61.95 5800.00
706.00 62.13 5800.00
707.00 62.30 5800.00
708.00 62.48 5800.00
709.00 62.66 5800.00
710.00 62.84 5800.00
711.00 63.01 5800.00
712.00 63.19 5800.00
713.00 63.37 5800.00
714.00 63.55 5800.00
715.00 63.72 5800.00
716.00 63.90 5800.00
717.00 64.08 5800.00
718.00 64.26 5800.00
719.00 64.44 5800.00
720.00 64.62 5800.00
721.00 64.80 5800.00
722.00 64.98 5800.00
723.00 65.16 5800.00
724.00 65.34 5800.00
725.00 65.52 5800.00
726.00 65.70 5800.00
727.00 65.88 5800.00
728.00 66.07 5800.00
729.00 66.25 5800.00
730.00 66.43 5800.00
731.00 66.61 5800.00
732.00 66.80 5800.00
733.00 66.98 5800.00
734.00 67.16 5800.00
735.00 67.34 5800.00
736.00 67.53 5800.00
737.00 67.71 5800.00
738.00 67.90 5800.00
739.00 68.08 5800.00
740.00 68.27 5800.00
741.00 68.45 5800.00
742.00 68.64 5800.00
743.00 68.82 5800.00
744.00 69.01 5800.00
745.00 69.19 5800.00
746.00 69.38 5800.00
747.00 69.56 5800.00
748.00 69.75 5800.00
749.00 69.94 5800.00
750.00 70.13 5800.00
751.00 70.31 5800.00
752.00 70.50 5800.00
753.00 70.69 5800.00
754.00 70.88 5800.00
755.00 71.06 5800.00
756.00 71.25 5800.00
757.00 71.44 5800.00
758.00 71.63 5800.00
759.00 71.82 5800.00
760.00 72.01 5800.00
761.00 72.20 5800.00
762.00 72.39 5800.00
763.00 72.58 5800.00
764.00 72.77 5800.00
765.00 72.96 5800.00
766.00 73.15 5800.00
767.00 73.34 5800.00
768.00 73.54 5800.00
769.00 73.73 5800.00
770.00 73.92 5800.00
771.00 74.11 5800.00
772.00 74.31 5800.00
773.00 74.50 5800.00
774.00 74.69 5800.00
775.00 74.88 5800.00
776.00 75.08 5800.00
777.00 75.27 5800.00
778.00 75.47 5800.00
779.00 75.66 5800.00
780.00 75.86 5800.00
781.00 76.05 5800.00
782.00 76.25 5800.00
783.00 76.44 5800.00
784.00 76.64 5800.00
785.00 76.83 5800.00
786.00 77.03 5800.00
787.00 77.22 5800.00
788.00 77.42 5800.00
789.00 77.62 5800.00
790.00 77.82 5800.00
791.00 78.01 5800.00
792.00 78.21 5800.00
793.00 78.41 5800.00
794.00 78.61 5800.00
795.00 78.80 5800.00
796.00 79.00 5800.00
797.00 79.20 5800.00
798.00 79.40 5800.00
799.00 79.60 5800.00
800.00 79.80 5800.00
801.00 80.00 5800.00
802.00 80.20 5800.00
803.00 80.40 5800.00
804.00 80.60 5800.00
805.00 80.80 5800.00
806.00 81.00 5800.00
807.00 81.20 5800.00
808.00 81.41 5800.00
809.00 81.61 5800.00
810.00 81.81 5800.00
811.00 82.01 5800.00
812.00 82.22 5800.00
813.00 82.42 5800.00
814.00 82.62 5800.00
815.00 82.82 5800.00
816.00 83.03 5800.00
817.00 83.23 5800.00
818.00 83.44 5800.00
819.00 83.64 5800.00
820.00 83.85 5800.00
821.00 84.05 5800.00
822.00 84.26 5800.00
823.00 84.46 5800.00
824.00 84.67 5800.00
825.00 84.87 5800.00
826.00 85.08 5800.00
827.00 85.28 5800.00
828.00 85.49 5800.00
829.00 85.70 5800.00
830.00 85.91 5800.00
831.00 86.11 5800.00
832.00 86.32 5800.00
833.00 86.53 5800.00
834.00 86.74 5800.00
835.00 86.94 5800.00
836.00 87.15 5800.00
837.00 87.36 5800.00
838.00 87.57 5800.00
839.00 87.78 5800.00
840.00 87.99 5800.00
841.00 88.20 5800.00
842.00 88.41 5800.00
843.00 88.62 5800.00
844.00 88.83 5800.00
845.00 89.04 5800.00
846.00 89.25 5800.00
847.00 89.46 5800.00
848.00 89.68 5800.00
849.00 89.89 5800.00
850.00 90.10 5800.00
851.00 90.31 5800.00
852.00 90.53 5800.00
853.00 90.74 5800.00
854.00 90.95 5800.00
855.00 91.16 5800.00
856.00 91.38 5800.00
857.00 91.59 5800.00
858.00 91.81 5800.00
859.00 92.02 5800.00
860.00 92.24 5800.00
861.00 92.45 5800.00
862.00 92.67 5800.00
863.00 92.88 5800.00
864.00 93.10 5800.00
865.00 93.31 5800.00
866.00 93.53 5800.00
867.00 93.74 5800.00
868.00 93.96 5800.00
869.00 94.18 5800.00
870.00 94.40 5800.00
871.00 94.61 5800.00
872.00 94.83 5800.00
873.00 95.05 5800.00
874.00 95.27 5800.00
875.00 95.48 5800.00
876.00 95.70 5800.00
877.00 95.92 5800.00
878.00 96.14 5800.00
879.00 96.36 5800.00
880.00 96.58 5800.00
881.00 96.80 5800.00
882.00 97.02 5800.00
883.00 97.24 5800.00
884.00 97.46 5800.00
885.00 97.68 5800.00
886.00 97.90 5800.00
887.00 98.12 5800.00
888.00 98.35 5800.00
889.00 98.57 5800.00
890.00 98.79 5800.00
891.00 99.01 5800.00
892.00 99.24 5800.00
893.00 99.46 5800.00
894.00 99.68 5800.00
895.00 99.90 5800.00
895.00 0.00 5800.00
1096.00 0.00 5800.00
1097.00 0.25 5800.00
1098.00 0.50 5800.00
1099.00 0.75 5800.00
1100.00 1.00 5800.00
1101.00 1.25 5800.00
1102.00 1.50 5800.00
1103.00 1.75 5800.00
1104.00 2.00 5800.00
1105.00 2.25 5800.00
1106.00 2.50 5800.00
1107.00 2.75 5800.00
1108.00 3.00 5800.00
1109.00 3.25 5800.00
1110.00 3.51 5800.00
1111.00 3.76 5800.00
1112.00 4.01 5800.00
1113.00 4.26 5800.00
1114.00 4.52 5800.00
1115.00 4.77 5800.00
1116.00 5.02 5800.00
1117.00 5.28 5800.00
1118.00 5.53 5800.00
1119.00 5.78 5800.00
1120.00 6.04 5800.00
1121.00 6.29 5800.00
1122.00 6.55 5800.00
1123.00 6.80 5800.00
1124.00 7.06 5800.00
1125.00 7.31 5800.00
1126.00 7.57 5800.00
1127.00 7.82 5800.00
1128.00 8.08 5800.00
1129.00 8.34 5800.00
1130.00 8.59 5800.00
1131.00 8.85 5800.00
1132.00 9.11 5800.00
1133.00 9.36 5800.00
1134.00 9.62 5800.00
1135.00 9.88 5800.00
1136.00 10.14 5800.00
1137.00 10.39 5800.00
1138.00 10.65 5800.00
1139.00 10.91 5800.00
1140.00 11.17 5800.00
1141.00 11.43 5800.00
1142.00 11.69 5800.00
1143.00 11.95 5800.00
1144.00 12.21 5800.00
1145.00 12.47 5800.00
1146.00 12.73 5800.00
1147.00 12.99 5800.00
1148.00 13.25 5800.00
1149.00 13.51 5800.00
1150.00 13.77 5800.00
1151.00 14.03 5800.00
1152.00 14.29 5800.00
1153.00 14.55 5800.00
1154.00 14.82 5800.00
1155.00 15.08 5800.00
1156.00 15.34 5800.00
1157.00 15.60 5800.00
1158.00 15.87 5800.00
1159.00 16.13 5800.00
1160.00 16.39 5800.00
1161.00 16.66 5800.00
1162.00 16.92 5800.00
1163.00 17.18 5800.00
1164.00 17.45 5800.00
1165.00 17.71 5800.00
1166.00 17.98 5800.00
1167.00 18.24 5800.00
1168.00 18.51 5800.00
1169.00 18.77 5800.00
1170.00 19.04 5800.00
1171.00 19.30 5800.00
1172.00 19.57 5800.00
1173.00 19.84 5800.00
1174.00 20.10 5800.00
1175.00 20.37 5800.00
1176.00 20.64 5800.00
1177.00 20.90 5800.00
1178.00 21.17 5800.00
1179.00 21.44 5800.00
1180.00 21.71 5800.00
1181.00 21.97 5800.00
1182.00 22.24 5800.00
1183.00 22.51 5800.00
1184.00 22.78 5800.00
1185.00 23.05 5800.00
1186.00 23.32 5800.00
1187.00 23.59 5800.00
1188.00 23.86 5800.00
1189.00 24.13 5800.00
1190.00 24.40 5800.00
1191.00 24.67 5800.00
1192.00 24.94 5800.00
1193.00 25.21 5800.00
1194.00 25.48 5800.00
1195.00 25.75 5800.00
1196.00 26.02 5800.00
1197.00 26.29 5800.00
1198.00 26.57 5800.00
1199.00 26.84 5800.00
1200.00 27.11 5800.00
1201.00 27.38 5800.00
1202.00 27.66 5800.00
1203.00 27.93 5800.00
1204.00 28.20 5800.00
1205.00 28.48 5800.00
1206.00 28.75 5800.00
1207.00 29.02 5800.00
1208.00 29.30 5800.00
1209.00 29.57 5800.00
1210.00 29.85 5800.00
1211.00 30.12 5800.00
1212.00 30.40 5800.00
1213.00 30.67 5800.00
1214.00 30.95 5800.00
1215.00 31.22 5800.00
1216.00 31.50 5800.00
1217.00 31.78 5800.00
1218.00 32.05 5800.00
1219.00 32.33 5800.00
1220.00 32.61 5800.00
1221.00 32.88 5800.00
1222.00 33.16 5800.00
1223.00 33.44 5800.00
1224.00 33.72 5800.00
1225.00 33.99 5800.00
1226.00 34.27 5800.00
1227.00 34.55 5800.00
1228.00 34.83 5800.00
1229.00 35.11 5800.00
1230.00 35.39 5800.00
1231.00 35.67 5800.00
1232.00 35.95 5800.00
1233.00 36.23 5800.00
1234.00 36.51 5800.00
1235.00 36.79 5800.00
1236.00 37.07 5800.00
1237.00 37.35 5800.00
1238.00 37.63 5800.00
1239.00 37.91 5800.00
1240.00 38.19 5800.00
1241.00 38.47 5800.00
1242.00 38.76 5800.00
1243.00 39.04 5800.00
1244.00 39.32 5800.00
1245.00 39.60 5800.00
1246.00 39.89 5800.00
1247.00 40.17 5800.00
1248.00 40.45 5800.00
1249.00 40.74 5800.00
1250.00 41.02 5800.00
1251.00 41.30 5800.00
1252.00 41.59 5800.00
1253.00 41.87 5800.00
1254.00 42.16 5800.00
1255.00 42.44 5800.00
1256.00 42.73 5800.00
1257.00 43.01 5800.00
1258.00 43.30 5800.00
1259.00 43.58 5800.00
1260.00 43.87 5800.00
1261.00 44.16 5800.00
1262.00 44.44 5800.00
1263.00 44.73 5800.00
1264.00 45.02 5800.00
1265.00 45.30 5800.00
1266.00 45.59 5800.00
1267.00 45.88 5800.00
1268.00 46.17 5800.00
1269.00 46.45 5800.00
1270.00 46.74 5800.00
1271.00 47.03 5800.00
1272.00 47.32 5800.00
1273.00 47.61 5800.00
1274.00 47.90 5800.00
1275.00 48.19 5800.00
1276.00 48.48 5800.00
1277.00 48.77 5800.00
1278.00 49.06 5800.00
1279.00 49.35 5800.00
1280.00 49.64 5800.00
1281.00 49.93 5800.00
1282.00 50.22 5800.00
1283.00 50.51 5800.00
1284.00 50.80 5800.00
1285.00 51.09 5800.00
1286.00 51.39 5800.00
1287.00 51.68 5800.00
1288.00 51.97 5800.00
1289.00 52.26 5800.00
1290.00 52.56 5800.00
1291.00 52.85 5800.00
1292.00 53.14 5800.00
1293.00 53.44 5800.00
1294.00 53.73 5800.00
1295.00 54.02 5800.00
1296.00 54.32 5800.00
1297.00 54.61 5800.00
1298.00 54.91 5800.00
1299.00 55.20 5800.00
1300.00 55.50 5800.00
1301.00 55.79 5800.00
1302.00 56.09 5800.00
1303.00 56.38 5800.00
1304.00 56.68 5800.00
1305.00 56.98 5800.00
1306.00 57.27 5800.00
1307.00 57.57 5800.00
1308.00 57.87 5800.00
1309.00 58.16 5800.00
1310.00 58.46 5800.00
1311.00 58.76 5800.00
1312.00 59.06 5800.00
1313.00 59.35 5800.00
1314.00 59.65 5800.00
1315.00 59.95 5800.00
1316.00 60.25 5800.00
1317.00 60.55 5800.00
1318.00 60.85 5800.00
1319.00 61.15 5800.00
1320.00 61.45 5800.00
1321.00 61.75 5800.00
1322.00 62.05 5800.00
1323.00 62.35 5800.00
1324.00 62.65 5800.00
1325.00 62.95 5800.00
1326.00 63.25 5800.00
1327.00 63.55 5800.00
1328.00 63.85 5800.00
1329.00 64.15 5800.00
1330.00 64.46 5800.00
1331.00 64.76 5800.00
1332.00 65.06 5800.00
1333.00 65.36 5800.00
1334.00 65.67 5800.00
1335.00 65.97 5800.00
1336.00 66.27 5800.00
1337.00 66.58 5800.00
1338.00 66.88 5800.00
1339.00 67.18 5800.00
1340.00 67.49 5800.00
1341.00 67.79 5800.00
1342.00 68.10 5800.00
1343.00 68.40 5800.00
1344.00 68.71 5800.00
1345.00 69.01 5800.00
1346.00 69.32 5800.00
1347.00 69.62 5800.00
1348.00 69.93 5800.00
1349.00 70.24 5800.00
1350.00 70.54 5800.00
1351.00 70.85 5800.00
1352.00 71.16 5800.00
1353.00 71.46 5800.00
1354.00 71.77 5800.00
1355.00 72.08 5800.00
1356.00 72.39 5800.00
1357.00 72.69 5800.00
1358.00 73.00 5800.00
1359.00 73.31 5800.00
1360.00 73.62 5800.00
1361.00 73.93 5800.00
1362.00 74.24 5800.00
1363.00 74.55 5800.00
1364.00 74.86 5800.00
1365.00 75.17 5800.00
1366.00 75.48 5800.00
1367.00 75.79 5800.00
1368.00 76.10 5800.00
1369.00 76.41 5800.00
1370.00 76.72 5800.00
1371.00 77.03 5800.00
1372.00 77.34 5800.00
1373.00 77.65 5800.00
1374.00 77.97 5800.00
1375.00 78.28 5800.00
1376.00 78.59 5800.00
1377.00 78.90 5800.00
1378.00 79.22 5800.00
1379.00 79.53 5800.00
1380.00 79.84 5800.00
1381.00 80.16 5800.00
1382.00 80.47 5800.00
1383.00 80.78 5800.00
1384.00 81.10 5800.00
1385.00 81.41 5800.00
1386.00 81.73 5800.00
1387.00 82.04 5800.00
1388.00 82.36 5800.00
1389.00 82.67 5800.00
1390.00 82.99 5800.00
1391.00 83.30 5800.00
1392.00 83.62 5800.00
1393.00 83.94 5800.00
1394.00 84.25 5800.00
1395.00 84.57 5800.00
1396.00 84.89 5800.00
1397.00 85.20 5800.00
1398.00 85.52 5800.00
1399.00 85.84 5800.00
1400.00 86.16 5800.00
1401.00 86.47 5800.00
1402.00 86.79 5800.00
1403.00 87.11 5800.00
1404.00 87.43 5800.00
1405.00 87.75 5800.00
1406.00 88.07 5800.00
1407.00 88.39 5800.00
1408.00 88.71 5800.00
1409.00 89.03 5800.00
1410.00 89.35 5800.00
1411.00 89.67 5800.00
1412.00 89.99 5800.00
1413.00 90.31 5800.00
1414.00 90.63 5800.00
1415.00 90.95 5800.00
1416.00 91.27 5800.00
1417.00 91.59 5800.00
1418.00 91.92 5800.00
1419.00 92.24 5800.00
1420.00 92.56 5800.00
1421.00 92.88 5800.00
1422.00 93.21 5800.00
1423.00 93.53 5800.00
1424.00 93.85 5800.00
1425.00 94.18 5800.00
1426.00 94.50 5800.00
1427.00 94.82 5800.00
1428.00 95.15 5800.00
1429.00 95.47 5800.00
1430.00 95.80 5800.00
1431.00 96.12 5800.00
1432.00 96.45 5800.00
1433.00 96.77 5800.00
1434.00 97.10 5800.00
1435.00 97.42 5800.00
1436.00 97.75 5800.00
1437.00 98.08 5800.00
1438.00 98.40 5800.00
1439.00 98.73 5800.00
1440.00 99.06 5800.00
1441.00 99.38 5800.00
1442.00 99.71 5800.00
1442.00 0.00 5800.00
1643.00 0.00 5800.00
1644.00 0.34 5800.00
1645.00 0.68 5800.00
1646.00 1.03 5800.00
1647.00 1.37 5800.00
1648.00 1.71 5800.00
1649.00 2.06 5800.00
1650.00 2.40 5800.00
1651.00 2.74 5800.00
1652.00 3.09 5800.00
1653.00 3.43 5800.00
1654.00 3.78 5800.00
1655.00 4.12 5800.00
1656.00 4.46 5800.00
1657.00 4.81 5800.00
1658.00 5.15 5800.00
1659.00 5.50 5800.00
1660.00 5.85 5800.00
1661.00 6.19 5800.00
1662.00 6.54 5800.00
1663.00 6.88 5800.00
1664.00 7.23 5800.00
1665.00 7.58 5800.00
1666.00 7.92 5800.00
1667.00 8.27 5800.00
1668.00 8.62 5800.00
1669.00 8.96 5800.00
1670.00 9.31 5800.00
1671.00 9.66 5800.00
1672.00 10.01 5800.00
1673.00 10.36 5800.00
1674.00 10.70 5800.00
1675.00 11.05 5800.00
1676.00 11.40 5800.00
1677.00 11.75 5800.00
1678.00 12.10 5800.00
1679.00 12.45 5800.00
1680.00 12.80 5800.00
1681.00 13.15 5800.00
1682.00 13.50 5800.00
1683.00 13.85 5800.00
1684.00 14.20 5800.00
1685.00 14.55 5800.00
1686.00 14.90 5800.00
1687.00 15.25 5800.00
1688.00 15.60 5800.00
1689.00 15.96 5800.00
1690.00 16.31 5800.00
1691.00 16.66 5800.00
1692.00 17.01 5800.00
1693.00 17.36 5800.00
1694.00 17.72 5800.00
1695.00 18.07 5800.00
1696.00 18.42 5800.00
1697.00 18.78 5800.00
1698.00 19.13 5800.00
1699.00 19.48 5800.00
1700.00 19.84 5800.00
1701.00 20.19 5800.00
1702.00 20.55 5800.00
1703.00 20.90 5800.00
1704.00 21.25 5800.00
1705.00 21.61 5800.00
1706.00 21.96 5800.00
1707.00 22.32 5800.00
1708.00 22.68 5800.00
1709.00 23.03 5800.00
1710.00 23.39 5800.00
1711.00 23.74 5800.00
1712.00 24.10 5800.00
1713.00 24.46 5800.00
1714.00 24.81 5800.00
1715.00 25.17 5800.00
1716.00 25.53 5800.00
1717.00 25.88 5800.00
1718.00 26.24 5800.00
1719.00 26.60 5800.00
1720.00 26.96 5800.00
1721.00 27.32 5800.00
1722.00 27.67 5800.00
1723.00 28.03 5800.00
1724.00 28.39 5800.00
1725.00 28.75 5800.00
1726.00 29.11 5800.00
1727.00 29.47 5800.00
1728.00 29.83 5800.00
1729.00 30.19 5800.00
1730.00 30.55 5800.00
1731.00 30.91 5800.00
1732.00 31.27 5800.00
1733.00 31.63 5800.00
1734.00 31.99 5800.00
1735.00 32.35 5800.00
1736.00 32.71 5800.00
1737.00 33.08 5800.00
1738.00 33.44 5800.00
1739.00 33.80 5800.00
1740.00 34.16 5800.00
1741.00 34.52 5800.00
1742.00 34.89 5800.00
1743.00 35.25 5800.00
1744.00 35.61 5800.00
1745.00 35.98 5800.00
1746.00 36.34 5800.00
1747.00 36.70 5800.00
1748.00 37.07 5800.00
1749.00 37.43 5800.00
1750.00 37.80 5800.00
1751.00 38.16 5800.00
1752.00 38.52 5800.00
1753.00 38.89 5800.00
1754.00 39.25 5800.00
1755.00 39.62 5800.00
1756.00 39.99 5800.00
1757.00 40.35 5800.00
1758.00 40.72 5800.00
1759.00 41.08 5800.00
1760.00 41.45 5800.00
1761.00 41.82 5800.00
1762.00 42.18 5800.00
1763.00 42.55 5800.00
1764.00 42.92 5800.00
1765.00 43.28 5800.00
1766.00 43.65 5800.00
1767.00 44.02 5800.00
1768.00 44.39 5800.00
1769.00 44.76 5800.00
1770.00 45.12 5800.00
1771.00 45.49 5800.00
1772.00 45.86 5800.00
1773.00 46.23 5800.00
1774.00 46.60 5800.00
1775.00 46.97 5800.00
1776.00 47.34 5800.00
1777.00 47.71 5800.00
1778.00 48.08 5800.00
1779.00 48.45 5800.00
1780.00 48.82 5800.00
1781.00 49.19 5800.00
1782.00 49.56 5800.00
1783.00 49.93 5800.00
1784.00 50.30 5800.00
1785.00 50.68 5800.00
1786.00 51.05 5800.00
1787.00 51.42 5800.00
1788.00 51.79 5800.00
1789.00 52.16 5800.00
1790.00 52.54 5800.00
1791.00 52.91 5800.00
1792.00 53.28 5800.00
1793.00 53.66 5800.00
1794.00 54.03 5800.00
1795.00 54.40 5800.00
1796.00 54.78 5800.00
1797.00 55.15 5800.00
1798.00 55.53 5800.00
1799.00 55.90 5800.00
1800.00 56.27 5800.00
1801.00 56.65 5800.00
1802.00 57.02 5800.00
1803.00 57.40 5800.00
1804.00 57.78 5800.00
1805.00 58.15 5800.00
1806.00 58.53 5800.00
1807.00 58.90 5800.00
1808.00 59.28 5800.00
1809.00 59.66 5800.00
1810.00 60.03 5800.00
1811.00 60.41 5800.00
1812.00 60.79 5800.00
1813.00 61.16 5800.00
1814.00 61.54 5800.00
1815.00 61.92 5800.00
1816.00 62.30 5800.00
1817.00 62.68 5800.00
1818.00 63.05 5800.00
1819.00 63.43 5800.00
1820.00 63.81 5800.00
1821.00 64.19 5800.00
1822.00 64.57 5800.00
1823.00 64.95 5800.00
1824.00 65.33 5800.00
1825.00 65.71 5800.00
1826.00 66.09 5800.00
1827.00 66.47 5800.00
1828.00 66.85 5800.00
1829.00 67.23 5800.00
1830.00 67.61 5800.00
1831.00 67.99 5800.00
1832.00 68.37 5800.00
1833.00 68.76 5800.00
1834.00 69.14 5800.00
1835.00 69.52 5800.00
1836.00 69.90 5800.00
1837.00 70.28 5800.00
1838.00 70.67 5800.00
1839.00 71.05 5800.00
1840.00 71.43 5800.00
1841.00 71.82 5800.00
1842.00 72.20 5800.00
1843.00 72.58 5800.00
1844.00 72.97 5800.00
1845.00 73.35 5800.00
1846.00 73.74 5800.00
1847.00 74.12 5800.00
1848.00 74.50 5800.00
1849.00 74.89 5800.00
1850.00 75.27 5800.00
1851.00 75.66 5800.00
1852.00 76.05 5800.00
1853.00 76.43 5800.00
1854.00 76.82 5800.00
1855.00 77.20 5800.00
1856.00 77.59 5800.00
1857.00 77.98 5800.00
1858.00 78.36 5800.00
1859.00 78.75 5800.00
1860.00 79.14 5800.00
1861.00 79.52 5800.00
1862.00 79.91 5800.00
1863.00 80.30 5800.00
1864.00 80.69 5800.00
1865.00 81.08 5800.00
1866.00 81.46 5800.00
1867.00 81.85 5800.00
1868.00 82.24 5800.00
1869.00 82.63 5800.00
1870.00 83.02 5800.00
1871.00 83.41 5800.00
1872.00 83.80 5800.00
1873.00 84.19 5800.00
1874.00 84.58 5800.00
1875.00 84.97 5800.00
1876.00 85.36 5800.00
1877.00 85.75 5800.00
1878.00 86.14 5800.00
1879.00 86.53 5800.00
1880.00 86.92 5800.00
1881.00 87.32 5800.00
1882.00 87.71 5800.00
1883.00 88.10 5800.00
1884.00 88.49 5800.00
1885.00 88.88 5800.00
1886.00 89.28 5800.00
1887.00 89.67 5800.00
1888.00 90.06 5800.00
1889.00 90.46 5800.00
1890.00 90.85 5800.00
1891.00 91.24 5800.00
1892.00 91.64 5800.00
1893.00 92.03 5800.00
1894.00 92.43 5800.00
1895.00 92.82 5800.00
1896.00 93.21 5800.00
1897.00 93.61 5800.00
1898.00 94.00 5800.00
1899.00 94.40 5800.00
1900.00 94.80 5800.00
1901.00 95.19 5800.00
1902.00 95.59 5800.00
1903.00 95.98 5800.00
1904.00 96.38 5800.00
1905.00 96.78 5800.00
1906.00 97.17 5800.00
1907.00 97.57 5800.00
1908.00 97.97 5800.00
1909.00 98.36 5800.00
1910.00 98.76 5800.00
1911.00 99.16 5800.00
1912.00 99.56 5800.00
1913.00 99.96 5800.00
1913.00 0.00 5800.00
2114.00 0.00 5800.00
2115.00 0.41 5800.00
2116.00 0.81 5800.00
2117.00 1.22 5800.00
2118.00 1.63 5800.00
2119.00 2.03 5800.00
2120.00 2.44 5800.00
2121.00 2.85 5800.00
2122.00 3.26 5800.00
2123.00 3.66 5800.00
2124.00 4.07 5800.00
2125.00 4.48 5800.00
2126.00 4.89 5800.00
2127.00 5.30 5800.00
2128.00 5.71 5800.00
2129.00 6.12 5800.00
2130.00 6.53 5800.00
2131.00 6.94 5800.00
2132.00 7.35 5800.00
2133.00 7.76 5800.00
2134.00 8.17 5800.00
2135.00 8.58 5800.00
2136.00 8.99 5800.00
2137.00 9.40 5800.00
2138.00 9.81 5800.00
2139.00 10.22 5800.00
2140.00 10.63 5800.00
2141.00 11.04 5800.00
2142.00 11.45 5800.00
2143.00 11.86 5800.00
2144.00 12.28 5800.00
2145.00 12.69 5800.00
2146.00 13.10 5800.00
2147.00 13.51 5800.00
2148.00 13.93 5800.00
2149.00 14.34 5800.00
2150.00 14.75 5800.00
2151.00 15.17 5800.00
2152.00 15.58 5800.00
2153.00 15.99 5800.00
2154.00 16.41 5800.00
2155.00 16.82 5800.00
2156.00 17.24 5800.00
2157.00 17.65 5800.00
2158.00 18.07 5800.00
2159.00 18.48 5800.00
2160.00 18.90 5800.00
2161.00 19.31 5800.00
2162.00 19.73 5800.00
2163.00 20.14 5800.00
2164.00 20.56 5800.00
2165.00 20.97 5800.00
2166.00 21.39 5800.00
2167.00 21.81 5800.00
2168.00 22.22 5800.00
2169.00 22.64 5800.00
2170.00 23.06 5800.00
2171.00 23.47 5800.00
2172.00 23.89 5800.00
2173.00 24.31 5800.00
2174.00 24.73 5800.00
2175.00 25.14 5800.00
2176.00 25.56 5800.00
2177.00 25.98 5800.00
2178.00 26.40 5800.00
2179.00 26.82 5800.00
2180.00 27.24 5800.00
2181.00 27.66 5800.00
2182.00 28.08 5800.00
2183.00 28.50 5800.00
2184.00 28.92 5800.00
2185.00 29.34 5800.00
2186.00 29.76 5800.00
2187.00 30.18 5800.00
2188.00 30.60 5800.00
2189.00 31.02 5800.00
2190.00 31.44 5800.00
2191.00 31.86 5800.00
2192.00 32.28 5800.00
2193.00 32.70 5800.00
2194.00 33.12 5800.00
2195.00 33.54 5800.00
2196.00 33.97 5800.00
2197.00 34.39 5800.00
2198.00 34.81 5800.00
2199.00 35.23 5800.00
2200.00 35.66 5800.00
2201.00 36.08 5800.00
2202.00 36.50 5800.00
2203.00 36.93 5800.00
2204.00 37.35 5800.00
2205.00 37.77 5800.00
2206.00 38.20 5800.00
2207.00 38.62 5800.00
2208.00 39.05 5800.00
2209.00 39.47 5800.00
2210.00 39.90 5800.00
2211.00 40.32 5800.00
2212.00 40.75 5800.00
2213.00 41.17 5800.00
2214.00 41.60 5800.00
2215.00 42.02 5800.00
2216.00 42.45 5800.00
2217.00 42.87 5800.00
2218.00 43.30 5800.00
2219.00 43.73 5800.00
2220.00 44.15 5800.00
2221.00 44.58 5800.00
2222.00 45.01 5800.00
2223.00 45.43 5800.00
2224.00 45.86 5800.00
2225.00 46.29 5800.00
2226.00 46.72 5800.00
2227.00 47.14 5800.00
2228.00 47.57 5800.00
2229.00 48.00 5800.00
2230.00 48.43 5800.00
2231.00 48.86 5800.00
2232.00 49.29 5800.00
2233.00 49.72 5800.00
2234.00 50.15 5800.00
2235.00 50.58 5800.00
2236.00 51.01 5800.00
2237.00 51.44 5800.00
2238.00 51.87 5800.00
2239.00 52.30 5800.00
2240.00 52.73 5800.00
2241.00 53.16 5800.00
2242.00 53.59 5800.00
2243.00 54.02 5800.00
2244.00 54.45 5800.00
2245.00 54.88 5800.00
2246.00 55.31 5800.00
2247.00 55.74 5800.00
2248.00 56.18 5800.00
2249.00 56.61 5800.00
2250.00 57.04 5800.00
2251.00 57.47 5800.00
2252.00 57.91 5800.00
2253.00 58.34 5800.00
2254.00 58.77 5800.00
2255.00 59.21 5800.00
2256.00 59.64 5800.00
2257.00 60.07 5800.00
2258.00 60.51 5800.00
2259.00 60.94 5800.00
2260.00 61.38 5800.00
2261.00 61.81 5800.00
2262.00 62.25 5800.00
2263.00 62.68 5800.00
2264.00 63.12 5800.00
2265.00 63.55 5800.00
2266.00 63.99 5800.00
2267.00 64.42 5800.00
2268.00 64.86 5800.00
2269.00 65.29 5800.00
2270.00 65.73 5800.00
2271.00 66.17 5800.00
2272.00 66.60 5800.00
2273.00 67.04 5800.00
2274.00 67.48 5800.00
2275.00 67.91 5800.00
2276.00 68.35 5800.00
2277.00 68.79 5800.00
2278.00 69.23 5800.00
2279.00 69.66 5800.00
2280.00 70.10 5800.00
2281.00 70.54 5800.00
2282.00 70.98 5800.00
2283.00 71.42 5800.00
2284.00 71.86 5800.00
2285.00 72.30 5800.00
2286.00 72.74 5800.00
2287.00 73.18 5800.00
2288.00 73.62 5800.00
2289.00 74.06 5800.00
2290.00 74.50 5800.00
2291.00 74.94 5800.00
2292.00 75.38 5800.00
2293.00 75.82 5800.00
2294.00 76.26 5800.00
2295.00 76.70 5800.00
2296.00 77.14 5800.00
2297.00 77.58 5800.00
2298.00 78.02 5800.00
2299.00 78.46 5800.00
2300.00 78.91 5800.00
2301.00 79.35 5800.00
2302.00 79.79 5800.00
2303.00 80.23 5800.00
2304.00 80.68 5800.00
2305.00 81.12 5800.00
2306.00 81.56 5800.00
2307.00 82.01 5800.00
2308.00 82.45 5800.00
2309.00 82.89 5800.00
2310.00 83.34 5800.00
2311.00 83.78 5800.00
2312.00 84.23 5800.00
2313.00 84.67 5800.00
2314.00 85.12 5800.00
2315.00 85.56 5800.00
2316.00 86.01 5800.00
2317.00 86.45 5800.00
2318.00 86.90 5800.00
2319.00 87.34 5800.00
2320.00 87.79 5800.00
2321.00 88.23 5800.00
2322.00 88.68 5800.00
2323.00 89.13 5800.00
2324.00 89.57 5800.00
2325.00 90.02 5800.00
2326.00 90.47 5800.00
2327.00 90.91 5800.00
2328.00 91.36 5800.00
2329.00 91.81 5800.00
2330.00 92.26 5800.00
2331.00 92.70 5800.00
2332.00 93.15 5800.00
2333.00 93.60 5800.00
2334.00 94.05 5800.00
2335.00 94.50 5800.00
2336.00 94.95 5800.00
2337.00 95.40 5800.00
2338.00 95.85 5800.00
2339.00 96.30 5800.00
2340.00 96.75 5800.00
2341.00 97.20 5800.00
2342.00 97.65 5800.00
2343.00 98.10 5800.00
2344.00 98.55 5800.00
2345.00 99.00 5800.00
2346.00 99.45 5800.00
2347.00 99.90 5800.00
2347.00 0.00 5800.00
2548.00 0.00 5800.00
2549.00 0.45 5800.00
2550.00 0.91 5800.00
2551.00 1.37 5800.00
2552.00 1.82 5800.00
2553.00 2.28 5800.00
2554.00 2.73 5800.00
2555.00 3.19 5800.00
2556.00 3.64 5800.00
2557.00 4.10 5800.00
2558.00 4.56 5800.00
2559.00 5.01 5800.00
2560.00 5.47 5800.00
2561.00 5.93 5800.00
2562.00 6.39 5800.00
2563.00 6.84 5800.00
2564.00 7.30 5800.00
2565.00 7.76 5800.00
2566.00 8.22 5800.00
2567.00 8.67 5800.00
2568.00 9.13 5800.00
2569.00 9.59 5800.00
2570.00 10.05 5800.00
2571.00 10.51 5800.00
2572.00 10.97 5800.00
2573.00 11.43 5800.00
2574.00 11.89 5800.00
2575.00 12.35 5800.00
2576.00 12.81 5800.00
2577.00 13.26 5800.00
2578.00 13.73 5800.00
2579.00 14.19 5800.00
2580.00 14.65 5800.00
2581.00 15.11 5800.00
2582.00 15.57 5800.00
2583.00 16.03 5800.00
2584.00 16.49 5800.00
2585.00 16.95 5800.00
2586.00 17.41 5800.00
2587.00 17.87 5800.00
2588.00 18.34 5800.00
2589.00 18.80 5800.00
2590.00 19.26 5800.00
2591.00 19.72 5800.00
2592.00 20.19 5800.00
2593.00 20.65 5800.00
2594.00 21.11 5800.00
2595.00 21.57 5800.00
2596.00 22.04 5800.00
2597.00 22.50 5800.00
2598.00 22.96 5800.00
2599.00 23.43 5800.00
2600.00 23.89 5800.00
2601.00 24.36 5800.00
2602.00 24.82 5800.00
2603.00 25.29 5800.00
2604.00 25.75 5800.00
2605.00 26.21 5800.00
2606.00 26.68 5800.00
2607.00 27.15 5800.00
2608.00 27.61 5800.00
2609.00 28.08 5800.00
2610.00 28.54 5800.00
2611.00 29.01 5800.00
2612.00 29.47 5800.00
2613.00 29.94 5800.00
2614.00 30.41 5800.00
2615.00 30.87 5800.00
2616.00 31.34 5800.00
2617.00 31.81 5800.00
2618.00 32.28 5800.00
2619.00 32.74 5800.00
2620.00 33.21 5800.00
2621.00 33.68 5800.00
2622.00 34.15 5800.00
2623.00 34.61 5800.00
2624.00 35.08 5800.00
2625.00 35.55 5800.00
2626.00 36.02 5800.00
2627.00 36.49 5800.00
2628.00 36.96 5800.00
2629.00 37.43 5800.00
2630.00 37.90 5800.00
2631.00 38.37 5800.00
2632.00 38.84 5800.00
2633.00 39.30 5800.00
2634.00 39.78 5800.00
2635.00 40.25 5800.00
2636.00 40.72 5800.00
2637.00 41.19 5800.00
2638.00 41.66 5800.00
2639.00 42.13 5800.00
2640.00 42.60 5800.00
2641.00 43.07 5800.00
2642.00 43.54 5800.00
2643.00 44.01 5800.00
2644.00 44.49 5800.00
2645.00 44.96 5800.00
2646.00 45.43 5800.00
2647.00 45.90 5800.00
2648.00 46.38 5800.00
2649.00 46.85 5800.00
2650.00 47.32 5800.00
2651.00 47.79 5800.00
2652.00 48.27 5800.00
2653.00 48.74 5800.00
2654.00 49.21 5800.00
2655.00 49.69 5800.00
2656.00 50.16 5800.00
2657.00 50.64 5800.00
2658.00 51.11 5800.00
2659.00 51.59 5800.00
2660.00 52.06 5800.00
2661.00 52.53 5800.00
2662.00 53.01 5800.00
2663.00 53.49 5800.00
2664.00 53.96 5800.00
2665.00 54.44 5800.00
2666.00 54.91 5800.00
2667.00 55.39 5800.00
2668.00 55.86 5800.00
2669.00 56.34 5800.00
2670.00 56.82 5800.00
2671.00 57.29 5800.00
2672.00 57.77 5800.00
2673.00 58.25 5800.00
2674.00 58.73 5800.00
2675.00 59.20 5800.00
2676.00 59.68 5800.00
2677.00 60.16 5800.00
2678.00 60.64 5800.00
2679.00 61.11 5800.00
2680.00 61.59 5800.00
2681.00 62.07 5800.00
2682.00 62.55 5800.00
2683.00 63.03 5800.00
2684.00 63.51 5800.00
2685.00 63.99 5800.00
2686.00 64.47 5800.00
2687.00 64.95 5800.00
2688.00 65.43 5800.00
2689.00 65.90 5800.00
2690.00 66.39 5800.00
2691.00 66.87 5800.00
2692.00 67.35 5800.00
2693.00 67.83 5800.00
2694.00 68.31 5800.00
2695.00 68.79 5800.00
2696.00 69.27 5800.00
2697.00 69.75 5800.00
2698.00 70.23 5800.00
2699.00 70.71 5800.00
2700.00 71.20 5800.00
2701.00 71.68 5800.00
2702.00 72.16 5800.00
2703.00 72.64 5800.00
2704.00 73.13 5800.00
2705.00 73.61 5800.00
2706.00 74.09 5800.00
2707.00 74.57 5800.00
2708.00 75.06 5800.00
2709.00 75.54 5800.00
2710.00 76.02 5800.00
2711.00 76.51 5800.00
2712.00 76.99 5800.00
2713.00 77.48 5800.00
2714.00 77.96 5800.00
2715.00 78.45 5800.00
2716.00 78.93 5800.00
2717.00 79.41 5800.00
2718.00 79.90 5800.00
2719.00 80.39 5800.00
2720.00 80.87 5800.00
2721.00 81.36 5800.00
2722.00 81.84 5800.00
2723.00 82.33 5800.00
2724.00 82.81 5800.00
2725.00 83.30 5800.00
2726.00 83.79 5800.00
2727.00 84.27 5800.00
2728.00 84.76 5800.00
2729.00 85.25 5800.00
2730.00 85.74 5800.00
2731.00 86.22 5800.00
2732.00 86.71 5800.00
2733.00 87.20 5800.00
2734.00 87.69 5800.00
2735.00 88.17 5800.00
2736.00 88.66 5800.00
2737.00 89.15 5800.00
2738.00 89.64 5800.00
2739.00 90.13 5800.00
2740.00 90.62 5800.00
2741.00 91.11 5800.00
2742.00 91.60 5800.00
2743.00 92.09 5800.00
2744.00 92.58 5800.00
2745.00 93.06 5800.00
2746.00 93.56 5800.00
2747.00 94.05 5800.00
2748.00 94.54 5800.00
2749.00 95.03 5800.00
2750.00 95.52 5800.00
2751.00 96.01 5800.00
2752.00 96.50 5800.00
2753.00 96.99 5800.00
2754.00 97.48 5800.00
2755.00 97.97 5800.00
2756.00 98.47 5800.00
2757.00 98.96 5800.00
2758.00 99.45 5800.00
2759.00 99.94 5800.00
2759.00 0.00 5800.00
2960.00 0.00 5800.00
2961.00 0.49 5800.00
2962.00 0.99 5800.00
2963.00 1.48 5800.00
2964.00 1.97 5800.00
2965.00 2.47 5800.00
2966.00 2.96 5800.00
2967.00 3.46 5800.00
2968.00 3.95 5800.00
2969.00 4.45 5800.00
2970.00 4.94 5800.00
2971.00 5.43 5800.00
2972.00 5.93 5800.00
2973.00 6.43 5800.00
2974.00 6.92 5800.00
2975.00 7.42 5800.00
2976.00 7.91 5800.00
2977.00 8.41 5800.00
2978.00 8.90 5800.00
2979.00 9.40 5800.00
2980.00 9.90 5800.00
2981.00 10.39 5800.00
2982.00 10.89 5800.00
2983.00 11.39 5800.00
2984.00 11.88 5800.00
2985.00 12.38 5800.00
2986.00 12.88 5800.00
2987.00 13.38 5800.00
2988.00 13.87 5800.00
2989.00 14.37 5800.00
2990.00 14.87 5800.00
2991.00 15.37 5800.00
2992.00 15.87 5800.00
2993.00 16.37 5800.00
2994.00 16.86 5800.00
2995.00 17.36 5800.00
2996.00 17.86 5800.00
2997.00 18.36 5800.00
2998.00 18.86 5800.00
2999.00 19.36 5800.00
3000.00 19.86 5800.00
3001.00 20.36 5800.00
3002.00 20.86 5800.00
3003.00 21.36 5800.00
3004.00 21.86 5800.00
3005.00 22.36 5800.00
3006.00 22.86 5800.00
3007.00 23.36 5800.00
3008.00 23.86 5800.00
3009.00 24.37 5800.00
3010.00 24.87 5800.00
3011.00 25.37 5800.00
3012.00 25.87 5800.00
3013.00 26.37 5800.00
3014.00 26.87 5800.00
3015.00 27.38 5800.00
3016.00 27.88 5800.00
3017.00 28.38 5800.00
3018.00 28.88 5800.00
3019.00 29.39 5800.00
3020.00 29.89 5800.00
3021.00 30.39 5800.00
3022.00 30.90 5800.00
3023.00 31.40 5800.00
3024.00 31.90 5800.00
3025.00 32.41 5800.00
3026.00 32.91 5800.00
3027.00 33.42 5800.00
3028.00 33.92 5800.00
3029.00 34.43 5800.00
3030.00 34.93 5800.00
3031.00 35.43 5800.00
3032.00 35.94 5800.00
3033.00 36.45 5800.00
3034.00 36.95 5800.00
3035.00 37.46 5800.00
3036.00 37.96 5800.00
3037.00 38.47 5800.00
3038.00 38.97 5800.00
3039.00 39.48 5800.00
3040.00 39.99 5800.00
3041.00 40.49 5800.00
3042.00 41.00 5800.00
3043.00 41.51 5800.00
3044.00 42.01 5800.00
3045.00 42.52 5800.00
3046.00 43.03 5800.00
3047.00 43.54 5800.00
3048.00 44.04 5800.00
3049.00 44.55 5800.00
3050.00 45.06 5800.00
3051.00 45.57 5800.00
3052.00 46.08 5800.00
3053.00 46.59 5800.00
3054.00 47.09 5800.00
3055.00 47.60 5800.00
3056.00 48.11 5800.00
3057.00 48.62 5800.00
3058.00 49.13 5800.00
3059.00 49.64 5800.00
3060.00 50.15 5800.00
3061.00 50.66 5800.00
3062.00 51.17 5800.00
3063.00 51.68 5800.00
3064.00 52.19 5800.00
3065.00 52.70 5800.00
3066.00 53.21 5800.00
3067.00 53.72 5800.00
3068.00 54.23 5800.00
3069.00 54.75 5800.00
3070.00 55.26 5800.00
3071.00 55.77 5800.00
3072.00 56.28 5800.00
3073.00 56.79 5800.00
3074.00 57.30 5800.00
3075.00 57.82 5800.00
3076.00 58.33 5800.00
3077.00 58.84 5800.00
3078.00 59.35 5800.00
3079.00 59.87 5800.00
3080.00 60.38 5800.00
3081.00 60.89 5800.00
3082.00 61.41 5800.00
3083.00 61.92 5800.00
3084.00 62.43 5800.00
3085.00 62.95 5800.00
3086.00 63.46 5800.00
3087.00 63.98 5800.00
3088.00 64.49 5800.00
3089.00 65.01 5800.00
3090.00 65.52 5800.00
3091.00 66.03 5800.00
3092.00 66.55 5800.00
3093.00 67.07 5800.00
3094.00 67.58 5800.00
3095.00 68.10 5800.00
3096.00 68.61 5800.00
3097.00 69.13 5800.00
3098.00 69.64 5800.00
3099.00 70.16 5800.00
3100.00 70.68 5800.00
3101.00 71.19 5800.00
3102.00 71.71 5800.00
3103.00 72.23 5800.00
3104.00 72.74 5800.00
3105.00 73.26 5800.00
3106.00 73.78 5800.00
3107.00 74.30 5800.00
3108.00 74.81 5800.00
3109.00 75.33 5800.00
3110.00 75.85 5800.00
3111.00 76.37 5800.00
3112.00 76.89 5800.00
3113.00 77.41 5800.00
3114.00 77.92 5800.00
3115.00 78.44 5800.00
3116.00 78.96 5800.00
3117.00 79.48 5800.00
3118.00 80.00 5800.00
3119.00 80.52 5800.00
3120.00 81.04 5800.00
3121.00 81.56 5800.00
3122.00 82.08 5800.00
3123.00 82.60 5800.00
3124.00 83.12 5800.00
3125.00 83.64 5800.00
3126.00 84.16 5800.00
3127.00 84.68 5800.00
3128.00 85.20 5800.00
3129.00 85.73 5800.00
3130.00 86.25 5800.00
3131.00 86.77 5800.00
3132.00 87.29 5800.00
3133.00 87.81 5800.00
3134.00 88.33 5800.00
3135.00 88.86 5800.00
3136.00 89.38 5800.00
3137.00 89.90 5800.00
3138.00 90.42 5800.00
3139.00 90.95 5800.00
3140.00 91.47 5800.00
3141.00 91.99 5800.00
3142.00 92.52 5800.00
3143.00 93.04 5800.00
3144.00 93.56 5800.00
3145.00 94.09 5800.00
3146.00 94.61 5800.00
3147.00 95.14 5800.00
3148.00 95.66 5800.00
3149.00 96.19 5800.00
3150.00 96.71 5800.00
3151.00 97.23 5800.00
3152.00 97.76 5800.00
3153.00 98.29 5800.00
3154.00 98.81 5800.00
3155.00 99.34 5800.00
3156.00 99.86 5800.00
3156.00 0.00 5800.00
3357.00 0.00 5800.00
3358.00 0.52 5800.00
3359.00 1.05 5800.00
3360.00 1.57 5800.00
3361.00 2.10 5800.00
3362.00 2.62 5800.00
3363.00 3.15 5800.00
3364.00 3.67 5800.00
3365.00 4.20 5800.00
3366.00 4.73 5800.00
3367.00 5.25 5800.00
3368.00 5.78 5800.00
3369.00 6.30 5800.00
3370.00 6.83 5800.00
3371.00 7.36 5800.00
3372.00 7.88 5800.00
3373.00 8.41 5800.00
3374.00 8.94 5800.00
3375.00 9.46 5800.00
3376.00 9.99 5800.00
3377.00 10.52 5800.00
3378.00 11.05 5800.00
3379.00 11.57 5800.00
3380.00 12.10 5800.00
3381.00 12.63 5800.00
3382.00 13.16 5800.00
3383.00 13.69 5800.00
3384.00 14.22 5800.00
3385.00 14.74 5800.00
3386.00 15.27 5800.00
3387.00 15.80 5800.00
3388.00 16.33 5800.00
3389.00 16.86 5800.00
3390.00 17.39 5800.00
3391.00 17.92 5800.00
3392.00 18.45 5800.00
3393.00 18.98 5800.00
3394.00 19.51 5800.00
3395.00 20.04 5800.00
3396.00 20.57 5800.00
3397.00 21.10 5800.00
3398.00 21.63 5800.00
3399.00 22.16 5800.00
3400.00 22.69 5800.00
3401.00 23.22 5800.00
3402.00 23.76 5800.00
3403.00 24.29 5800.00
3404.00 24.82 5800.00
3405.00 25.35 5800.00
3406.00 25.88 5800.00
3407.00 26.41 5800.00
3408.00 26.95 5800.00
3409.00 27.48 5800.00
3410.00 28.01 5800.00
3411.00 28.54 5800.00
3412.00 29.08 5800.00
3413.00 29.61 5800.00
3414.00 30.14 5800.00
3415.00 30.68 5800.00
3416.00 31.21 5800.00
3417.00 31.74 5800.00
3418.00 32.28 5800.00
3419.00 32.81 5800.00
3420.00 33.35 5800.00
3421.00 33.88 5800.00
3422.00 34.41 5800.00
3423.00 34.95 5800.00
3424.00 35.48 5800.00
3425.00 36.02 5800.00
3426.00 36.55 5800.00
3427.00 37.09 5800.00
3428.00 37.62 5800.00
3429.00 38.16 5800.00
3430.00 38.70 5800.00
3431.00 39.23 5800.00
3432.00 39.77 5800.00
3433.00 40.30 5800.00
3434.00 40.84 5800.00
3435.00 41.38 5800.00
3436.00 41.91 5800.00
3437.00 42.45 5800.00
3438.00 42.99 5800.00
3439.00 43.52 5800.00
3440.00 44.06 5800.00
3441.00 44.60 5800.00
3442.00 45.14 5800.00
3443.00 45.67 5800.00
3444.00 46.21 5800.00
3445.00 46.75 5800.00
3446.00 47.29 5800.00
3447.00 47.83 5800.00
3448.00 48.37 5800.00
3449.00 48.90 5800.00
3450.00 49.44 5800.00
3451.00 49.98 5800.00
3452.00 50.52 5800.00
3453.00 51.06 5800.00
3454.00 51.60 5800.00
3455.00 52.14 5800.00
3456.00 52.68 5800.00
3457.00 53.22 5800.00
3458.00 53.76 5800.00
3459.00 54.30 5800.00
3460.00 54.84 5800.00
3461.00 55.38 5800.00
3462.00 55.92 5800.00
3463.00 56.46 5800.00
3464.00 57.00 5800.00
3465.00 57.54 5800.00
3466.00 58.09 5800.00
3467.00 58.63 5800.00
3468.00 59.17 5800.00
3469.00 59.71 5800.00
3470.00 60.25 5800.00
3471.00 60.79 5800.00
3472.00 61.34 5800.00
3473.00 61.88 5800.00
3474.00 62.42 5800.00
3475.00 62.96 5800.00
3476.00 63.51 5800.00
3477.00 64.05 5800.00
3478.00 64.59 5800.00
3479.00 65.14 5800.00
3480.00 65.68 5800.00
3481.00 66.22 5800.00
3482.00 66.77 5800.00
3483.00 67.31 5800.00
3484.00 67.86 5800.00
3485.00 68.40 5800.00
3486.00 68.94 5800.00
3487.00 69.49 5800.00
3488.00 70.03 5800.00
3489.00 70.58 5800.00
3490.00 71.12 5800.00
3491.00 71.67 5800.00
3492.00 72.21 5800.00
3493.00 72.76 5800.00
3494.00 73.31 5800.00
3495.00 73.85 5800.00
3496.00 74.40 5800.00
3497.00 74.94 5800.00
3498.00 75.49 5800.00
3499.00 76.04 5800.00
3500.00 76.58 5800.00
3501.00 77.13 5800.00
3502.00 77.68 5800.00
3503.00 78.22 5800.00
3504.00 78.77 5800.00
3505.00 79.32 5800.00
3506.00 79.87 5800.00
3507.00 80.41 5800.00
3508.00 80.96 5800.00
3509.00 81.51 5800.00
3510.00 82.06 5800.00
3511.00 82.61 5800.00
3512.00 83.16 5800.00
3513.00 83.70 5800.00
3514.00 84.25 5800.00
3515.00 84.80 5800.00
3516.00 85.35 5800.00
3517.00 85.90 5800.00
3518.00 86.45 5800.00
3519.00 87.00 5800.00
3520.00 87.55 5800.00
3521.00 88.10 5800.00
3522.00 88.65 5800.00
3523.00 89.20 5800.00
3524.00 89.75 5800.00
3525.00 90.30 5800.00
3526.00 90.85 5800.00
3527.00 91.40 5800.00
3528.00 91.95 5800.00
3529.00 92.50 5800.00
3530.00 93.06 5800.00
3531.00 93.61 5800.00
3532.00 94.16 5800.00
3533.00 94.71 5800.00
3534.00 95.26 5800.00
3535.00 95.81 5800.00
3536.00 96.37 5800.00
3537.00 96.92 5800.00
3538.00 97.47 5800.00
3539.00 98.02 5800.00
3540.00 98.58 5800.00
3541.00 99.13 5800.00
3542.00 99.68 5800.00
3542.00 0.00 5800.00
3743.00 0.00 5800.00
3744.00 0.55 5800.00
3745.00 1.10 5800.00
3746.00 1.65 5800.00
3747.00 2.20 5800.00
3748.00 2.75 5800.00
3749.00 3.30 5800.00
3750.00 3.86 5800.00
3751.00 4.41 5800.00
3752.00 4.96 5800.00
3753.00 5.51 5800.00
3754.00 6.06 5800.00
3755.00 6.61 5800.00
3756.00 7.17 5800.00
3757.00 7.72 5800.00
3758.00 8.27 5800.00
3759.00 8.82 5800.00
3760.00 9.38 5800.00
3761.00 9.93 5800.00
3762.00 10.48 5800.00
3763.00 11.04 5800.00
3764.00 11.59 5800.00
3765.00 12.14 5800.00
3766.00 12.70 5800.00
3767.00 13.25 5800.00
3768.00 13.80 5800.00
3769.00 14.36 5800.00
3770.00 14.91 5800.00
3771.00 15.47 5800.00
3772.00 16.02 5800.00
3773.00 16.57 5800.00
3774.00 17.13 5800.00
3775.00 17.68 5800.00
3776.00 18.24 5800.00
3777.00 18.79 5800.00
3778.00 19.35 5800.00
3779.00 19.91 5800.00
3780.00 20.46 5800.00
3781.00 21.02 5800.00
3782.00 21.57 5800.00
3783.00 22.13 5800.00
3784.00 22.69 5800.00
3785.00 23.24 5800.00
3786.00 23.80 5800.00
3787.00 24.36 5800.00
3788.00 24.91 5800.00
3789.00 25.47 5800.00
3790.00 26.03 5800.00
3791.00 26.58 5800.00
3792.00 27.14 5800.00
3793.00 27.70 5800.00
3794.00 28.26 5800.00
3795.00 28.81 5800.00
3796.00 29.37 5800.00
3797.00 29.93 5800.00
3798.00 30.49 5800.00
3799.00 31.05 5800.00
3800.00 31.61 5800.00
3801.00 32.16 5800.00
3802.00 32.72 5800.00
3803.00 33.28 5800.00
3804.00 33.84 5800.00
3805.00 34.40 5800.00
3806.00 34.96 5800.00
3807.00 35.52 5800.00
3808.00 36.08 5800.00
3809.00 36.64 5800.00
3810.00 37.20 5800.00
3811.00 37.76 5800.00
3812.00 38.32 5800.00
3813.00 38.88 5800.00
3814.00 39.44 5800.00
3815.00 40.00 5800.00
3816.00 40.56 5800.00
3817.00 41.12 5800.00
3818.00 41.69 5800.00
3819.00 42.25 5800.00
3820.00 42.81 5800.00
3821.00 43.37 5800.00
3822.00 43.93 5800.00
3823.00 44.49 5800.00
3824.00 45.06 5800.00
3825.00 45.62 5800.00
3826.00 46.18 5800.00
3827.00 46.74 5800.00
3828.00 47.31 5800.00
3829.00 47.87 5800.00
3830.00 48.43 5800.00
3831.00 49.00 5800.00
3832.00 49.56 5800.00
3833.00 50.12 5800.00
3834.00 50.69 5800.00
3835.00 51.25 5800.00
3836.00 51.81 5800.00
3837.00 52.38 5800.00
3838.00 52.94 5800.00
3839.00 53.51 5800.00
3840.00 54.07 5800.00
3841.00 54.63 5800.00
3842.00 55.20 5800.00
3843.00 55.76 5800.00
3844.00 56.33 5800.00
3845.00 56.89 5800.00
3846.00 57.46 5800.00
3847.00 58.03 5800.00
3848.00 58.59 5800.00
3849.00 59.16 5800.00
3850.00 59.72 5800.00
3851.00 60.29 5800.00
3852.00 60.86 5800.00
3853.00 61.42 5800.00
3854.00 61.99 5800.00
3855.00 62.56 5800.00
3856.00 63.12 5800.00
3857.00 63.69 5800.00
3858.00 64.26 5800.00
3859.00 64.82 5800.00
3860.00 65.39 5800.00
3861.00 65.96 5800.00
3862.00 66.53 5800.00
3863.00 67.09 5800.00
3864.00 67.66 5800.00
3865.00 68.23 5800.00
3866.00 68.80 5800.00
3867.00 69.37 5800.00
3868.00 69.94 5800.00
3869.00 70.50 5800.00
3870.00 71.07 5800.00
3871.00 71.64 5800.00
3872.00 72.21 5800.00
3873.00 72.78 5800.00
3874.00 73.35 5800.00
3875.00 73.92 5800.00
3876.00 74.49 5800.00
3877.00 75.06 5800.00
3878.00 75.63 5800.00
3879.00 76.20 5800.00
3880.00 76.77 5800.00
3881.00 77.34 5800.00
3882.00 77.91 5800.00
3883.00 78.48 5800.00
3884.00 79.05 5800.00
3885.00 79.62 5800.00
3886.00 80.20 5800.00
3887.00 80.77 5800.00
3888.00 81.34 5800.00
3889.00 81.91 5800.00
3890.00 82.48 5800.00
3891.00 83.05 5800.00
3892.00 83.63 5800.00
3893.00 84.20 5800.00
3894.00 84.77 5800.00
3895.00 85.34 5800.00
3896.00 85.92 5800.00
3897.00 86.49 5800.00
3898.00 87.06 5800.00
3899.00 87.64 5800.00
3900.00 88.21 5800.00
3901.00 88.78 5800.00
3902.00 89.36 5800.00
3903.00 89.93 5800.00
3904.00 90.50 5800.00
3905.00 91.08 5800.00
3906.00 91.65 5800.00
3907.00 92.23 5800.00
3908.00 92.80 5800.00
3909.00 93.37 5800.00
3910.00 93.95 5800.00
3911.00 94.52 5800.00
3912.00 95.10 5800.00
3913.00 95.67 5800.00
3914.00 96.25 5800.00
3915.00 96.83 5800.00
3916.00 97.40 5800.00
3917.00 97.98 5800.00
3918.00 98.55 5800.00
3919.00 99.13 5800.00
3920.00 99.71 5800.00
3920.00 0.00 5800.00
4121.00 0.00 5800.00
4122.00 0.57 5800.00
4123.00 1.14 5800.00
4124.00 1.72 5800.00
4125.00 2.29 5800.00
4126.00 2.86 5800.00
4127.00 3.44 5800.00
4128.00 4.01 5800.00
4129.00 4.58 5800.00
4130.00 5.16 5800.00
4131.00 5.73 5800.00
4132.00 6.30 5800.00
4133.00 6.88 5800.00
4134.00 7.45 5800.00
4135.00 8.02 5800.00
4136.00 8.60 5800.00
4137.00 9.17 5800.00
4138.00 9.75 5800.00
4139.00 10.32 5800.00
4140.00 10.90 5800.00
4141.00 11.47 5800.00
4142.00 12.05 5800.00
4143.00 12.62 5800.00
4144.00 13.20 5800.00
4145.00 13.77 5800.00
4146.00 14.35 5800.00
4147.00 14.92 5800.00
4148.00 15.50 5800.00
4149.00 16.08 5800.00
4150.00 16.65 5800.00
4151.00 17.23 5800.00
4152.00 17.81 5800.00
4153.00 18.38 5800.00
4154.00 18.96 5800.00
4155.00 19.54 5800.00
4156.00 20.11 5800.00
4157.00 20.69 5800.00
4158.00 21.27 5800.00
4159.00 21.84 5800.00
4160.00 22.42 5800.00
4161.00 23.00 5800.00
4162.00 23.58 5800.00
4163.00 24.16 5800.00
4164.00 24.73 5800.00
4165.00 25.31 5800.00
4166.00 25.89 5800.00
4167.00 26.47 5800.00
4168.00 27.05 5800.00
4169.00 27.63 5800.00
4170.00 28.21 5800.00
4171.00 28.78 5800.00
4172.00 29.36 5800.00
4173.00 29.94 5800.00
4174.00 30.52 5800.00
4175.00 31.10 5800.00
4176.00 31.68 5800.00
4177.00 32.26 5800.00
4178.00 32.84 5800.00
4179.00 33.42 5800.00
4180.00 34.00 5800.00
4181.00 34.58 5800.00
4182.00 35.16 5800.00
4183.00 35.74 5800.00
4184.00 36.33 5800.00
4185.00 36.91 5800.00
4186.00 37.49 5800.00
4187.00 38.07 5800.00
4188.00 38.65 5800.00
4189.00 39.23 5800.00
4190.00 39.81 5800.00
4191.00 40.40 5800.00
4192.00 40.98 5800.00
4193.00 41.56 5800.00
4194.00 42.14 5800.00
4195.00 42.72 5800.00
4196.00 43.31 5800.00
4197.00 43.89 5800.00
4198.00 44.47 5800.00
4199.00 45.06 5800.00
4200.00 45.64 5800.00
4201.00 46.22 5800.00
4202.00 46.81 5800.00
4203.00 47.39 5800.00
4204.00 47.97 5800.00
4205.00 48.56 5800.00
4206.00 49.14 5800.00
4207.00 49.72 5800.00
4208.00 50.31 5800.00
4209.00 50.89 5800.00
4210.00 51.48 5800.00
4211.00 52.06 5800.00
4212.00 52.65 5800.00
4213.00 53.23 5800.00
4214.00 53.82 5800.00
4215.00 54.40 5800.00
4216.00 54.99 5800.00
4217.00 55.57 5800.00
4218.00 56.16 5800.00
4219.00 56.74 5800.00
4220.00 57.33 5800.00
4221.00 57.92 5800.00
4222.00 58.50 5800.00
4223.00 59.09 5800.00
4224.00 59.68 5800.00
4225.00 60.26 5800.00
4226.00 60.85 5800.00
4227.00 61.44 5800.00
4228.00 62.02 5800.00
4229.00 62.61 5800.00
4230.00 63.20 5800.00
4231.00 63.78 5800.00
4232.00 64.37 5800.00
4233.00 64.96 5800.00
4234.00 65.55 5800.00
4235.00 66.14 5800.00
4236.00 66.72 5800.00
4237.00 67.31 5800.00
4238.00 67.90 5800.00
4239.00 68.49 5800.00
4240.00 69.08 5800.00
4241.00 69.67 5800.00
4242.00 70.26 5800.00
4243.00 70.84 5800.00
4244.00 71.43 5800.00
4245.00 72.02 5800.00
4246.00 72.61 5800.00
4247.00 73.20 5800.00
4248.00 73.79 5800.00
4249.00 74.38 5800.00
4250.00 74.97 5800.00
4251.00 75.56 5800.00
4252.00 76.15 5800.00
4253.00 76.74 5800.00
4254.00 77.33 5800.00
4255.00 77.92 5800.00
4256.00 78.52 5800.00
4257.00 79.11 5800.00
4258.00 79.70 5800.00
4259.00 80.29 5800.00
4260.00 80.88 5800.00
4261.00 81.47 5800.00
4262.00 82.06 5800.00
4263.00 82.66 5800.00
4264.00 83.25 5800.00
4265.00 83.84 5800.00
4266.00 84.43 5800.00
4267.00 85.02 5800.00
4268.00 85.62 5800.00
4269.00 86.21 5800.00
4270.00 86.80 5800.00
4271.00 87.40 5800.00
4272.00 87.99 5800.00
4273.00 88.58 5800.00
4274.00 89.18 5800.00
4275.00 89.77 5800.00
4276.00 90.36 5800.00
4277.00 90.96 5800.00
4278.00 91.55 5800.00
4279.00 92.14 5800.00
4280.00 92.74 5800.00
4281.00 93.33 5800.00
4282.00 93.93 5800.00
4283.00 94.52 5800.00
4284.00 95.12 5800.00
4285.00 95.71 5800.00
4286.00 96.31 5800.00
4287.00 96.90 5800.00
4288.00 97.50 5800.00
4289.00 98.09 5800.00
4290.00 98.69 5800.00
4291.00 99.28 5800.00
4292.00 99.88 5800.00
4292.00 0.00 5800.00
4493.00 0.00 5800.00
4494.00 0.59 5800.00
4495.00 1.18 5800.00
4496.00 1.77 5800.00
4497.00 2.37 5800.00
4498.00 2.96 5800.00
4499.00 3.55 5800.00
4500.00 4.14 5800.00
4501.00 4.73 5800.00
4502.00 5.32 5800.00
4503.00 5.92 5800.00
4504.00 6.51 5800.00
4505.00 7.10 5800.00
4506.00 7.69 5800.00
4507.00 8.29 5800.00
4508.00 8.88 5800.00
4509.00 9.47 5800.00
4510.00 10.07 5800.00
4511.00 10.66 5800.00
4512.00 11.25 5800.00
4513.00 11.85 5800.00
4514.00 12.44 5800.00
4515.00 13.03 5800.00
4516.00 13.63 5800.00
4517.00 14.22 5800.00
4518.00 14.82 5800.00
4519.00 15.41 5800.00
4520.00 16.01 5800.00
4521.00 16.60 5800.00
4522.00 17.20 5800.00
4523.00 17.79 5800.00
4524.00 18.39 5800.00
4525.00 18.98 5800.00
4526.00 19.58 5800.00
4527.00 20.17 5800.00
4528.00 20.77 5800.00
4529.00 21.36 5800.00
4530.00 21.96 5800.00
4531.00 22.55 5800.00
4532.00 23.15 5800.00
4533.00 23.75 5800.00
4534.00 24.34 5800.00
4535.00 24.94 5800.00
4536.00 25.54 5800.00
4537.00 26.13 5800.00
4538.00 26.73 5800.00
4539.00 27.33 5800.00
4540.00 27.92 5800.00
4541.00 28.52 5800.00
4542.00 29.12 5800.00
4543.00 29.72 5800.00
4544.00 30.31 5800.00
4545.00 30.91 5800.00
4546.00 31.51 5800.00
4547.00 32.11 5800.00
4548.00 32.71 5800.00
4549.00 33.31 5800.00
4550.00 33.90 5800.00
4551.00 34.50 5800.00
4552.00 35.10 5800.00
4553.00 35.70 5800.00
4554.00 36.30 5800.00
4555.00 36.90 5800.00
4556.00 37.50 5800.00
4557.00 38.10 5800.00
4558.00 38.70 5800.00
4559.00 39.30 5800.00
4560.00 39.90 5800.00
4561.00 40.50 5800.00
4562.00 41.10 5800.00
4563.00 41.70 5800.00
4564.00 42.30 5800.00
4565.00 42.90 5800.00
4566.00 43.50 5800.00
4567.00 44.10 5800.00
4568.00 44.70 5800.00
4569.00 45.30 5800.00
4570.00 45.90 5800.00
4571.00 46.50 5800.00
4572.00 47.10 5800.00
4573.00 47.71 5800.00
4574.00 48.31 5800.00
4575.00 48.91 5800.00
4576.00 49.51 5800.00
4577.00 50.11 5800.00
4578.00 50.71 5800.00
4579.00 51.32 5800.00
4580.00 51.92 5800.00
4581.00 52.52 5800.00
4582.00 53.12 5800.00
4583.00 53.73 5800.00
4584.00 54.33 5800.00
4585.00 54.93 5800.00
4586.00 55.54 5800.00
4587.00 56.14 5800.00
4588.00 56.74 5800.00
4589.00 57.35 5800.00
4590.00 57.95 5800.00
4591.00 58.55 5800.00
4592.00 59.16 5800.00
4593.00 59.76 5800.00
4594.00 60.37 5800.00
4595.00 60.97 5800.00
4596.00 61.58 5800.00
4597.00 62.18 5800.00
4598.00 62.79 5800.00
4599.00 63.39 5800.00
4600.00 64.00 5800.00
4601.00 64.60 5800.00
4602.00 65.21 5800.00
4603.00 65.81 5800.00
4604.00 66.42 5800.00
4605.00 67.02 5800.00
4606.00 67.63 5800.00
4607.00 68.23 5800.00
4608.00 68.84 5800.00
4609.00 69.45 5800.00
4610.00 70.05 5800.00
4611.00 70.66 5800.00
4612.00 71.27 5800.00
4613.00 71.87 5800.00
4614.00 72.48 5800.00
4615.00 73.09 5800.00
4616.00 73.69 5800.00
4617.00 74.30 5800.00
4618.00 74.91 5800.00
4619.00 75.52 5800.00
4620.00 76.12 5800.00
4621.00 76.73 5800.00
4622.00 77.34 5800.00
4623.00 77.95 5800.00
4624.00 78.56 5800.00
4625.00 79.17 5800.00
4626.00 79.77 5800.00
4627.00 80.38 5800.00
4628.00 80.99 5800.00
4629.00 81.60 5800.00
4630.00 82.21 5800.00
4631.00 82.82 5800.00
4632.00 83.43 5800.00
4633.00 84.04 5800.00
4634.00 84.65 5800.00
4635.00 85.26 5800.00
4636.00 85.87 5800.00
4637.00 86.48 5800.00
4638.00 87.09 5800.00
4639.00 87.70 5800.00
4640.00 88.31 5800.00
4641.00 88.92 5800.00
4642.00 89.53 5800.00
4643.00 90.14 5800.00
4644.00 90.75 5800.00
4645.00 91.36 5800.00
4646.00 91.97 5800.00
4647.00 92.58 5800.00
4648.00 93.19 5800.00
4649.00 93.81 5800.00
4650.00 94.42 5800.00
4651.00 95.03 5800.00
4652.00 95.64 5800.00
4653.00 96.25 5800.00
4654.00 96.86 5800.00
4655.00 97.48 5800.00
4656.00 98.09 5800.00
4657.00 98.70 5800.00
4658.00 99.31 5800.00
4659.00 99.93 5800.00
4659.00 0.00 5800.00
4860.00 0.00 5800.00
4861.00 0.61 5800.00
4862.00 1.21 5800.00
4863.00 1.82 5800.00
4864.00 2.43 5800.00
4865.00 3.04 5800.00
4866.00 3.65 5800.00
4867.00 4.25 5800.00
4868.00 4.86 5800.00
4869.00 5.47 5800.00
4870.00 6.08 5800.00
4871.00 6.69 5800.00
4872.00 7.30 5800.00
4873.00 7.91 5800.00
4874.00 8.52 5800.00
4875.00 9.12 5800.00
4876.00 9.73 5800.00
4877.00 10.34 5800.00
4878.00 10.95 5800.00
4879.00 11.56 5800.00
4880.00 12.17 5800.00
4881.00 12.78 5800.00
4882.00 13.39 5800.00
4883.00 14.00 5800.00
4884.00 14.61 5800.00
4885.00 15.22 5800.00
4886.00 15.83 5800.00
4887.00 16.44 5800.00
4888.00 17.06 5800.00
4889.00 17.67 5800.00
4890.00 18.28 5800.00
4891.00 18.89 5800.00
4892.00 19.50 5800.00
4893.00 20.11 5800.00
4894.00 20.72 5800.00
4895.00 21.33 5800.00
4896.00 21.95 5800.00
4897.00 22.56 5800.00
4898.00 23.17 5800.00
4899.00 23.78 5800.00
4900.00 24.39 5800.00
4901.00 25.01 5800.00
4902.00 25.62 5800.00
4903.00 26.23 5800.00
4904.00 26.85 5800.00
4905.00 27.46 5800.00
4906.00 28.07 5800.00
4907.00 28.68 5800.00
4908.00 29.30 5800.00
4909.00 29.91 5800.00
4910.00 30.52 5800.00
4911.00 31.14 5800.00
4912.00 31.75 5800.00
4913.00 32.37 5800.00
4914.00 32.98 5800.00
4915.00 33.59 5800.00
4916.00 34.21 5800.00
4917.00 34.82 5800.00
4918.00 35.44 5800.00
4919.00 36.05 5800.00
4920.00 36.67 5800.00
4921.00 37.28 5800.00
4922.00 37.90 5800.00
4923.00 38.51 5800.00
4924.00 39.13 5800.00
4925.00 39.74 5800.00
4926.00 40.36 5800.00
4927.00 40.97 5800.00
4928.00 41.59 5800.00
4929.00 42.21 5800.00
4930.00 42.82 5800.00
4931.00 43.44 5800.00
4932.00 44.05 5800.00
4933.00 44.67 5800.00
4934.00 45.29 5800.00
4935.00 45.90 5800.00
4936.00 46.52 5800.00
4937.00 47.14 5800.00
4938.00 47.76 5800.00
4939.00 48.37 5800.00
4940.00 48.99 5800.00
4941.00 49.61 5800.00
4942.00 50.22 5800.00
4943.00 50.84 5800.00
4944.00 51.46 5800.00
4945.00 52.08 5800.00
4946.00 52.70 5800.00
4947.00 53.31 5800.00
4948.00 53.93 5800.00
4949.00 54.55 5800.00
4950.00 55.17 5800.00
4951.00 55.79 5800.00
4952.00 56.41 5800.00
4953.00 57.03 5800.00
4954.00 57.65 5800.00
4955.00 58.26 5800.00
4956.00 58.88 5800.00
4957.00 59.50 5800.00
4958.00 60.12 5800.00
4959.00 60.74 5800.00
4960.00 61.36 5800.00
4961.00 61.98 5800.00
4962.00 62.60 5800.00
4963.00 63.22 5800.00
4964.00 63.84 5800.00
4965.00 64.46 5800.00
4966.00 65.08 5800.00
4967.00 65.70 5800.00
4968.00 66.33 5800.00
4969.00 66.95 5800.00
4970.00 67.57 5800.00
4971.00 68.19 5800.00
4972.00 68.81 5800.00
4973.00 69.43 5800.00
4974.00 70.05 5800.00
4975.00 70.67 5800.00
4976.00 71.30 5800.00
4977.00 71.92 5800.00
4978.00 72.54 5800.00
4979.00 73.16 5800.00
4980.00 73.78 5800.00
4981.00 74.41 5800.00
4982.00 75.03 5800.00
4983.00 75.65 5800.00
4984.00 76.28 5800.00
4985.00 76.90 5800.00
4986.00 77.52 5800.00
4987.00 78.14 5800.00
4988.00 78.77 5800.00
4989.00 79.39 5800.00
4990.00 80.01 5800.00
4991.00 80.64 5800.00
4992.00 81.26 5800.00
4993.00 81.89 5800.00
4994.00 82.51 5800.00
4995.00 83.13 5800.00
4996.00 83.76 5800.00
4997.00 84.38 5800.00
4998.00 85.01 5800.00
4999.00 85.63 5800.00
5000.00 86.26 5800.00
5001.00 86.88 5800.00
5002.00 87.51 5800.00
5003.00 88.13 5800.00
5004.00 88.76 5800.00
5005.00 89.38 5800.00
5006.00 90.01 5800.00
5007.00 90.63 5800.00
5008.00 91.26 5800.00
5009.00 91.89 5800.00
5010.00 92.51 5800.00
5011.00 93.14 5800.00
5012.00 93.76 5800.00
5013.00 94.39 5800.00
5014.00 95.02 5800.00
5015.00 95.64 5800.00
5016.00 96.27 5800.00
5017.00 96.90 5800.00
5018.00 97.53 5800.00
5019.00 98.15 5800.00
5020.00 98.78 5800.00
5021.00 99.41 5800.00
5021.00 0.00 5800.00
5222.00 0.00 5800.00
5223.00 0.62 5800.00
5224.00 1.24 5800.00
5225.00 1.87 5800.00
5226.00 2.49 5800.00
5227.00 3.11 5800.00
5228.00 3.73 5800.00
5229.00 4.35 5800.00
5230.00 4.98 5800.00
5231.00 5.60 5800.00
5232.00 6.22 5800.00
5233.00 6.84 5800.00
5234.00 7.47 5800.00
5235.00 8.09 5800.00
5236.00 8.71 5800.00
5237.00 9.34 5800.00
5238.00 9.96 5800.00
5239.00 10.58 5800.00
5240.00 11.21 5800.00
5241.00 11.83 5800.00
5242.00 12.45 5800.00
5243.00 13.08 5800.00
5244.00 13.70 5800.00
5245.00 14.33 5800.00
5246.00 14.95 5800.00
5247.00 15.58 5800.00
5248.00 16.20 5800.00
5249.00 16.83 5800.00
5250.00 17.45 5800.00
5251.00 18.07 5800.00
5252.00 18.70 5800.00
5253.00 19.33 5800.00
5254.00 19.95 5800.00
5255.00 20.58 5800.00
5256.00 21.20 5800.00
5257.00 21.83 5800.00
5258.00 22.45 5800.00
5259.00 23.08 5800.00
5260.00 23.70 5800.00
5261.00 24.33 5800.00
5262.00 24.96 5800.00
5263.00 25.58 5800.00
5264.00 26.21 5800.00
5265.00 26.84 5800.00
5266.00 27.46 5800.00
5267.00 28.09 5800.00
5268.00 28.72 5800.00
5269.00 29.34 5800.00
5270.00 29.97 5800.00
5271.00 30.60 5800.00
5272.00 31.23 5800.00
5273.00 31.85 5800.00
5274.00 32.48 5800.00
5275.00 33.11 5800.00
5276.00 33.74 5800.00
5277.00 34.37 5800.00
5278.00 34.99 5800.00
5279.00 35.62 5800.00
5280.00 36.25 5800.00
5281.00 36.88 5800.00
5282.00 37.51 5800.00
5283.00 38.14 5800.00
5284.00 38.76 5800.00
5285.00 39.39 5800.00
5286.00 40.02 5800.00
5287.00 40.65 5800.00
5288.00 41.28 5800.00
5289.00 41.91 5800.00
5290.00 42.54 5800.00
5291.00 43.17 5800.00
5292.00 43.80 5800.00
5293.00 44.43 5800.00
5294.00 45.06 5800.00
5295.00 45.69 5800.00
5296.00 46.32 5800.00
5297.00 46.95 5800.00
5298.00 47.58 5800.00
5299.00 48.21 5800.00
5300.00 48.84 5800.00
5301.00 49.47 5800.00
5302.00 50.10 5800.00
5303.00 50.74 5800.00
5304.00 51.37 5800.00
5305.00 52.00 5800.00
5306.00 52.63 5800.00
5307.00 53.26 5800.00
5308.00 53.89 5800.00
5309.00 54.53 5800.00
5310.00 55.16 5800.00
5311.00 55.79 5800.00
5312.00 56.42 5800.00
5313.00 57.05 5800.00
5314.00 57.69 5800.00
5315.00 58.32 5800.00
5316.00 58.95 5800.00
5317.00 59.58 5800.00
5318.00 60.22 5800.00
5319.00 60.85 5800.00
5320.00 61.48 5800.00
5321.00 62.12 5800.00
5322.00 62.75 5800.00
5323.00 63.38 5800.00
5324.00 64.02 5800.00
5325.00 64.65 5800.00
5326.00 65.28 5800.00
5327.00 65.92 5800.00
5328.00 66.55 5800.00
5329.00 67.19 5800.00
5330.00 67.82 5800.00
5331.00 68.46 5800.00
5332.00 69.09 5800.00
5333.00 69.73 5800.00
5334.00 70.36 5800.00
5335.00 70.99 5800.00
5336.00 71.63 5800.00
5337.00 72.27 5800.00
5338.00 72.90 5800.00
5339.00 73.54 5800.00
5340.00 74.17 5800.00
5341.00 74.81 5800.00
5342.00 75.44 5800.00
5343.00 76.08 5800.00
5344.00 76.71 5800.00
5345.00 77.35 5800.00
5346.00 77.99 5800.00
5347.00 78.62 5800.00
5348.00 79.26 5800.00
5349.00 79.90 5800.00
5350.00 80.53 5800.00
5351.00 81.17 5800.00
5352.00 81.81 5800.00
5353.00 82.44 5800.00
5354.00 83.08 5800.00
5355.00 83.72 5800.00
5356.00 84.36 5800.00
5357.00 84.99 5800.00
5358.00 85.63 5800.00
5359.00 86.27 5800.00
5360.00 86.91 5800.00
5361.00 87.55 5800.00
5362.00 88.18 5800.00
5363.00 88.82 5800.00
5364.00 89.46 5800.00
5365.00 90.10 5800.00
5366.00 90.74 5800.00
5367.00 91.38 5800.00
5368.00 92.01 5800.00
5369.00 92.65 5800.00
5370.00 93.29 5800.00
5371.00 93.93 5800.00
5372.00 94.57 5800.00
5373.00 95.21 5800.00
5374.00 95.85 5800.00
5375.00 96.49 5800.00
5376.00 97.13 5800.00
5377.00 97.77 5800.00
5378.00 98.41 5800.00
5379.00 99.05 5800.00
5380.00 99.69 5800.00
5380.00 0.00 5800.00
5581.00 0.00 5800.00
5582.00 0.63 5800.00
5583.00 1.27 5800.00
5584.00 1.90 5800.00
5585.00 2.54 5800.00
5586.00 3.17 5800.00
5587.00 3.81 5800.00
5588.00 4.44 5800.00
5589.00 5.08 5800.00
5590.00 5.71 5800.00
5591.00 6.35 5800.00
5592.00 6.98 5800.00
5593.00 7.62 5800.00
5594.00 8.25 5800.00
5595.00 8.89 5800.00
5596.00 9.52 5800.00
5597.00 10.16 5800.00
5598.00 10.80 5800.00
5599.00 11.43 5800.00
5600.00 12.07 5800.00
5601.00 12.70 5800.00
5602.00 13.34 5800.00
5603.00 13.98 5800.00
5604.00 14.61 5800.00
5605.00 15.25 5800.00
5606.00 15.89 5800.00
5607.00 16.52 5800.00
5608.00 17.16 5800.00
5609.00 17.80 5800.00
5610.00 18.44 5800.00
5611.00 19.07 5800.00
5612.00 19.71 5800.00
5613.00 20.35 5800.00
5614.00 20.99 5800.00
5615.00 21.62 5800.00
5616.00 22.26 5800.00
5617.00 22.90 5800.00
5618.00 23.54 5800.00
5619.00 24.18 5800.00
5620.00 24.82 5800.00
5621.00 25.45 5800.00
5622.00 26.09 5800.00
5623.00 26.73 5800.00
5624.00 27.37 5800.00
5625.00 28.01 5800.00
5626.00 28.65 5800.00
5627.00 29.29 5800.00
5628.00 29.93 5800.00
5629.00 30.57 5800.00
5630.00 31.21 5800.00
5631.00 31.85 5800.00
5632.00 32.49 5800.00
5633.00 33.13 5800.00
5634.00 33.77 5800.00
5635.00 34.41 5800.00
5636.00 35.05 5800.00
5637.00 35.69 5800.00
5638.00 36.33 5800.00
5639.00 36.97 5800.00
5640.00 37.61 5800.00
5641.00 38.25 5800.00
5642.00 38.89 5800.00
5643.00 39.53 5800.00
5644.00 40.17 5800.00
5645.00 40.81 5800.00
5646.00 41.46 5800.00
5647.00 42.10 5800.00
5648.00 42.74 5800.00
5649.00 43.38 5800.00
5650.00 44.02 5800.00
5651.00 44.66 5800.00
5652.00 45.31 5800.00
5653.00 45.95 5800.00
5654.00 46.59 5800.00
5655.00 47.23 5800.00
5656.00 47.88 5800.00
5657.00 48.52 5800.00
5658.00 49.16 5800.00
5659.00 49.80 5800.00
5660.00 50.45 5800.00
5661.00 51.09 5800.00
5662.00 51.73 5800.00
5663.00 52.38 5800.00
5664.00 53.02 5800.00
5665.00 53.66 5800.00
5666.00 54.31 5800.00
5667.00 54.95 5800.00
5668.00 55.60 5800.00
5669.00 56.24 5800.00
5670.00 56.88 5800.00
5671.00 57.53 5800.00
5672.00 58.17 5800.00
5673.00 58.82 5800.00
5674.00 59.46 5800.00
5675.00 60.11 5800.00
5676.00 60.75 5800.00
5677.00 61.40 5800.00
5678.00 62.04 5800.00
5679.00 62.69 5800.00
5680.00 63.33 5800.00
5681.00 63.98 5800.00
5682.00 64.62 5800.00
5683.00 65.27 5800.00
5684.00 65.91 5800.00
5685.00 66.56 5800.00
5686.00 67.21 5800.00
5687.00 67.85 5800.00
5688.00 68.50 5800.00
5689.00 69.14 5800.00
5690.00 69.79 5800.00
5691.00 70.44 5800.00
5692.00 71.08 5800.00
5693.00 71.73 5800.00
5694.00 72.38 5800.00
5695.00 73.02 5800.00
5696.00 73.67 5800.00
5697.00 74.32 5800.00
5698.00 74.97 5800.00
5699.00 75.61 5800.00
5700.00 76.26 5800.00
5701.00 76.91 5800.00
5702.00 77.56 5800.00
5703.00 78.20 5800.00
5704.00 78.85 5800.00
5705.00 79.50 5800.00
5706.00 80.15 5800.00
5707.00 80.80 5800.00
5708.00 81.45 5800.00
5709.00 82.09 5800.00
5710.00 82.74 5800.00
5711.00 83.39 5800.00
5712.00 84.04 5800.00
5713.00 84.69 5800.00
5714.00 85.34 5800.00
5715.00 85.99 5800.00
5716.00 86.64 5800.00
5717.00 87.29 5800.00
5718.00 87.94 5800.00
5719.00 88.59 5800.00
5720.00 89.24 5800.00
5721.00 89.89 5800.00
5722.00 90.54 5800.00
5723.00 91.19 5800.00
5724.00 91.84 5800.00
5725.00 92.49 5800.00
5726.00 93.14 5800.00
5727.00 93.79 5800.00
5728.00 94.44 5800.00
5729.00 95.09 5800.00
5730.00 95.74 5800.00
5731.00 96.39 5800.00
5732.00 97.04 5800.00
5733.00 97.69 5800.00
5734.00 98.35 5800.00
5735.00 99.00 5800.00
5736.00 99.65 5800.00
5736.00 0.00 5800.00
5937.00 0.00 5800.00
5938.00 0.65 5800.00
5939.00 1.29 5800.00
5940.00 1.94 5800.00
5941.00 2.58 5800.00
5942.00 3.23 5800.00
5943.00 3.87 5800.00
5944.00 4.52 5800.00
5945.00 5.17 5800.00
5946.00 5.81 5800.00
5947.00 6.46 5800.00
5948.00 7.10 5800.00
5949.00 7.75 5800.00
5950.00 8.40 5800.00
5951.00 9.04 5800.00
5952.00 9.69 5800.00
5953.00 10.34 5800.00
5954.00 10.98 5800.00
5955.00 11.63 5800.00
5956.00 12.28 5800.00
5957.00 12.93 5800.00
5958.00 13.57 5800.00
5959.00 14.22 5800.00
5960.00 14.87 5800.00
5961.00 15.52 5800.00
5962.00 16.16 5800.00
5963.00 16.81 5800.00
5964.00 17.46 5800.00
5965.00 18.11 5800.00
5966.00 18.76 5800.00
5967.00 19.41 5800.00
5968.00 20.05 5800.00
5969.00 20.70 5800.00
5970.00 21.35 5800.00
5971.00 22.00 5800.00
5972.00 22.65 5800.00
5973.00 23.30 5800.00
5974.00 23.95 5800.00
5975.00 24.60 5800.00
5976.00 25.25 5800.00
5977.00 25.90 5800.00
5978.00 26.55 5800.00
5979.00 27.19 5800.00
5980.00 27.84 5800.00
5981.00 28.49 5800.00
5982.00 29.14 5800.00
5983.00 29.79 5800.00
5984.00 30.45 5800.00
5985.00 31.10 5800.00
5986.00 31.75 5800.00
5987.00 32.40 5800.00
5988.00 33.05 5800.00
5989.00 33.70 5800.00
5990.00 34.35 5800.00
5991.00 35.00 5800.00
5992.00 35.65 5800.00
5993.00 36.30 5800.00
5994.00 36.95 5800.00
5995.00 37.61 5800.00
5996.00 38.26 5800.00
5997.00 38.91 5800.00
5998.00 39.56 5800.00
5999.00 40.21 5800.00
6000.00 40.86 5800.00
6001.00 41.52 5800.00
6002.00 42.17 5800.00
6003.00 42.82 5800.00
6004.00 43.47 5800.00
6005.00 44.13 5800.00
6006.00 44.78 5800.00
6007.00 45.43 5800.00
6008.00 46.08 5800.00
6009.00 46.74 5800.00
6010.00 47.39 5800.00
6011.00 48.04 5800.00
6012.00 48.70 5800.00
6013.00 49.35 5800.00
6014.00 50.00 5800.00
6015.00 50.66 5800.00
6016.00 51.31 5800.00
6017.00 51.97 5800.00
6018.00 52.62 5800.00
6019.00 53.27 5800.00
6020.00 53.93 5800.00
6021.00 54.58 5800.00
6022.00 55.24 5800.00
6023.00 55.89 5800.00
6024.00 56.55 5800.00
6025.00 57.20 5800.00
6026.00 57.85 5800.00
6027.00 58.51 5800.00
6028.00 59.16 5800.00
6029.00 59.82 5800.00
6030.00 60.48 5800.00
6031.00 61.13 5800.00
6032.00 61.79 5800.00
6033.00 62.44 5800.00
6034.00 63.10 5800.00
6035.00 63.75 5800.00
6036.00 64.41 5800.00
6037.00 65.07 5800.00
6038.00 65.72 5800.00
6039.00 66.38 5800.00
6040.00 67.03 5800.00
6041.00 67.69 5800.00
6042.00 68.35 5800.00
6043.00 69.00 5800.00
6044.00 69.66 5800.00
6045.00 70.32 5800.00
6046.00 70.97 5800.00
6047.00 71.63 5800.00
6048.00 72.29 5800.00
6049.00 72.95 5800.00
6050.00 73.60 5800.00
6051.00 74.26 5800.00
6052.00 74.92 5800.00
6053.00 75.58 5800.00
6054.00 76.23 5800.00
6055.00 76.89 5800.00
6056.00 77.55 5800.00
6057.00 78.21 5800.00
6058.00 78.87 5800.00
6059.00 79.53 5800.00
6060.00 80.18 5800.00
6061.00 80.84 5800.00
6062.00 81.50 5800.00
6063.00 82.16 5800.00
6064.00 82.82 5800.00
6065.00 83.48 5800.00
6066.00 84.14 5800.00
6067.00 84.80 5800.00
6068.00 85.46 5800.00
6069.00 86.12 5800.00
6070.00 86.78 5800.00
6071.00 87.43 5800.00
6072.00 88.09 5800.00
6073.00 88.75 5800.00
6074.00 89.41 5800.00
6075.00 90.07 5800.00
6076.00 90.74 5800.00
6077.00 91.40 5800.00
6078.00 92.06 5800.00
6079.00 92.72 5800.00
6080.00 93.38 5800.00
6081.00 94.04 5800.00
6082.00 94.70 5800.00
6083.00 95.36 5800.00
6084.00 96.02 5800.00
6085.00 96.68 5800.00
6086.00 97.34 5800.00
6087.00 98.01 5800.00
6088.00 98.67 5800.00
6089.00 99.33 5800.00
6090.00 99.99 5800.00
6090.00 0.00 5800.00
6291.00 0.00 5800.00
6292.00 0.66 5800.00
6293.00 1.31 5800.00
6294.00 1.97 5800.00
6295.00 2.62 5800.00
6296.00 3.28 5800.00
6297.00 3.93 5800.00
6298.00 4.59 5800.00
6299.00 5.24 5800.00
6300.00 5.90 5800.00
6301.00 6.56 5800.00
6302.00 7.21 5800.00
6303.00 7.87 5800.00
6304.00 8.53 5800.00
6305.00 9.18 5800.00
6306.00 9.84 5800.00
6307.00 10.50 5800.00
6308.00 11.15 5800.00
6309.00 11.81 5800.00
6310.00 12.47 5800.00
6311.00 13.12 5800.00
6312.00 13.78 5800.00
6313.00 14.44 5800.00
6314.00 15.10 5800.00
6315.00 15.75 5800.00
6316.00 16.41 5800.00
6317.00 17.07 5800.00
6318.00 17.73 5800.00
6319.00 18.39 5800.00
6320.00 19.04 5800.00
6321.00 19.70 5800.00
6322.00 20.36 5800.00
6323.00 21.02 5800.00
6324.00 21.68 5800.00
6325.00 22.34 5800.00
6326.00 23.00 5800.00
6327.00 23.65 5800.00
6328.00 24.31 5800.00
6329.00 24.97 5800.00
6330.00 25.63 5800.00
6331.00 26.29 5800.00
6332.00 26.95 5800.00
6333.00 27.61 5800.00
6334.00 28.27 5800.00
6335.00 28.93 5800.00
6336.00 29.59 5800.00
6337.00 30.25 5800.00
6338.00 30.91 5800.00
6339.00 31.57 5800.00
6340.00 32.23 5800.00
6341.00 32.89 5800.00
6342.00 33.55 5800.00
6343.00 34.21 5800.00
6344.00 34.87 5800.00
6345.00 35.53 5800.00
6346.00 36.19 5800.00
6347.00 36.85 5800.00
6348.00 37.52 5800.00
6349.00 38.18 5800.00
6350.00 38.84 5800.00
6351.00 39.50 5800.00
6352.00 40.16 5800.00
6353.00 40.82 5800.00
6354.00 41.48 5800.00
6355.00 42.15 5800.00
6356.00 42.81 5800.00
6357.00 43.47 5800.00
6358.00 44.13 5800.00
6359.00 44.79 5800.00
6360.00 45.46 5800.00
6361.00 46.12 5800.00
6362.00 46.78 5800.00
6363.00 47.44 5800.00
6364.00 48.11 5800.00
6365.00 48.77 5800.00
6366.00 49.43 5800.00
6367.00 50.10 5800.00
6368.00 50.76 5800.00
6369.00 51.42 5800.00
6370.00 52.09 5800.00
6371.00 52.75 5800.00
6372.00 53.41 5800.00
6373.00 54.08 5800.00
6374.00 54.74 5800.00
6375.00 55.40 5800.00
6376.00 56.07 5800.00
6377.00 56.73 5800.00
6378.00 57.40 5800.00
6379.00 58.06 5800.00
6380.00 58.73 5800.00
6381.00 59.39 5800.00
6382.00 60.06 5800.00
6383.00 60.72 5800.00
6384.00 61.38 5800.00
6385.00 62.05 5800.00
6386.00 62.71 5800.00
6387.00 63.38 5800.00
6388.00 64.05 5800.00
6389.00 64.71 5800.00
6390.00 65.38 5800.00
6391.00 66.04 5800.00
6392.00 66.71 5800.00
6393.00 67.37 5800.00
6394.00 68.04 5800.00
6395.00 68.70 5800.00
6396.00 69.37 5800.00
6397.00 70.04 5800.00
6398.00 70.70 5800.00
6399.00 71.37 5800.00
6400.00 72.04 5800.00
6401.00 72.70 5800.00
6402.00 73.37 5800.00
6403.00 74.04 5800.00
6404.00 74.70 5800.00
6405.00 75.37 5800.00
6406.00 76.04 5800.00
6407.00 76.70 5800.00
6408.00 77.37 5800.00
6409.00 78.04 5800.00
6410.00 78.71 5800.00
6411.00 79.37 5800.00
6412.00 80.04 5800.00
6413.00 80.71 5800.00
6414.00 81.38 5800.00
6415.00 82.05 5800.00
6416.00 82.71 5800.00
6417.00 83.38 5800.00
6418.00 84.05 5800.00
6419.00 84.72 5800.00
6420.00 85.39 5800.00
6421.00 86.06 5800.00
6422.00 86.73 5800.00
6423.00 87.39 5800.00
6424.00 88.06 5800.00
6425.00 88.73 5800.00
6426.00 89.40 5800.00
6427.00 90.07 5800.00
6428.00 90.74 5800.00
6429.00 91.41 5800.00
6430.00 92.08 5800.00
6431.00 92.75 5800.00
6432.00 93.42 5800.00
6433.00 94.09 5800.00
6434.00 94.76 5800.00
6435.00 95.43 5800.00
6436.00 96.10 5800.00
6437.00 96.77 5800.00
6438.00 97.44 5800.00
6439.00 98.11 5800.00
6440.00 98.78 5800.00
6441.00 99.45 5800.00
6441.00 0.00 5800.00
6642.00 0.00 5800.00
6643.00 0.66 5800.00
6644.00 1.33 5800.00
6645.00 1.99 5800.00
6646.00 2.66 5800.00
6647.00 3.32 5800.00
6648.00 3.99 5800.00
6649.00 4.65 5800.00
6650.00 5.32 5800.00
6651.00 5.98 5800.00
6652.00 6.65 5800.00
6653.00 7.31 5800.00
6654.00 7.98 5800.00
6655.00 8.64 5800.00
6656.00 9.31 5800.00
6657.00 9.97 5800.00
6658.00 10.64 5800.00
6659.00 11.30 5800.00
6660.00 11.97 5800.00
6661.00 12.64 5800.00
6662.00 13.30 5800.00
6663.00 13.97 5800.00
6664.00 14.63 5800.00
6665.00 15.30 5800.00
6666.00 15.97 5800.00
6667.00 16.63 5800.00
6668.00 17.30 5800.00
6669.00 17.97 5800.00
6670.00 18.63 5800.00
6671.00 19.30 5800.00
6672.00 19.97 5800.00
6673.00 20.64 5800.00
6674.00 21.30 5800.00
6675.00 21.97 5800.00
6676.00 22.64 5800.00
6677.00 23.30 5800.00
6678.00 23.97 5800.00
6679.00 24.64 5800.00
6680.00 25.31 5800.00
6681.00 25.98 5800.00
6682.00 26.64 5800.00
6683.00 27.31 5800.00
6684.00 27.98 5800.00
6685.00 28.65 5800.00
6686.00 29.32 5800.00
6687.00 29.99 5800.00
6688.00 30.65 5800.00
6689.00 31.32 5800.00
6690.00 31.99 5800.00
6691.00 32.66 5800.00
6692.00 33.33 5800.00
6693.00 34.00 5800.00
6694.00 34.67 5800.00
6695.00 35.34 5800.00
6696.00 36.01 5800.00
6697.00 36.68 5800.00
6698.00 37.35 5800.00
6699.00 38.02 5800.00
6700.00 38.69 5800.00
6701.00 39.36 5800.00
6702.00 40.03 5800.00
6703.00 40.70 5800.00
6704.00 41.37 5800.00
6705.00 42.04 5800.00
6706.00 42.71 5800.00
6707.00 43.38 5800.00
6708.00 44.05 5800.00
6709.00 44.72 5800.00
6710.00 45.39 5800.00
6711.00 46.06 5800.00
6712.00 46.73 5800.00
6713.00 47.40 5800.00
6714.00 48.07 5800.00
6715.00 48.75 5800.00
6716.00 49.42 5800.00
6717.00 50.09 5800.00
6718.00 50.76 5800.00
6719.00 51.43 5800.00
6720.00 52.10 5800.00
6721.00 52.78 5800.00
6722.00 53.45 5800.00
6723.00 54.12 5800.00
6724.00 54.79 5800.00
6725.00 55.46 5800.00
6726.00 56.14 5800.00
6727.00 56.81 5800.00
6728.00 57.48 5800.00
6729.00 58.16 5800.00
6730.00 58.83 5800.00
6731.00 59.50 5800.00
6732.00 60.17 5800.00
6733.00 60.85 5800.00
6734.00 61.52 5800.00
6735.00 62.19 5800.00
6736.00 62.87 5800.00
6737.00 63.54 5800.00
6738.00 64.21 5800.00
6739.00 64.89 5800.00
6740.00 65.56 5800.00
6741.00 66.24 5800.00
6742.00 66.91 5800.00
6743.00 67.58 5800.00
6744.00 68.26 5800.00
6745.00 68.93 5800.00
6746.00 69.61 5800.00
6747.00 70.28 5800.00
6748.00 70.96 5800.00
6749.00 71.63 5800.00
6750.00 72.31 5800.00
6751.00 72.98 5800.00
6752.00 73.66 5800.00
6753.00 74.33 5800.00
6754.00 75.01 5800.00
6755.00 75.68 5800.00
6756.00 76.36 5800.00
6757.00 77.03 5800.00
6758.00 77.71 5800.00
6759.00 78.38 5800.00
6760.00 79.06 5800.00
6761.00 79.74 5800.00
6762.00 80.41 5800.00
6763.00 81.09 5800.00
6764.00 81.76 5800.00
6765.00 82.44 5800.00
6766.00 83.12 5800.00
6767.00 83.79 5800.00
6768.00 84.47 5800.00
6769.00 85.15 5800.00
6770.00 85.82 5800.00
6771.00 86.50 5800.00
6772.00 87.18 5800.00
6773.00 87.86 5800.00
6774.00 88.53 5800.00
6775.00 89.21 5800.00
6776.00 89.89 5800.00
6777.00 90.56 5800.00
6778.00 91.24 5800.00
6779.00 91.92 5800.00
6780.00 92.60 5800.00
6781.00 93.28 5800.00
6782.00 93.95 5800.00
6783.00 94.63 5800.00
6784.00 95.31 5800.00
6785.00 95.99 5800.00
6786.00 96.67 5800.00
6787.00 97.35 5800.00
6788.00 98.02 5800.00
6789.00 98.70 5800.00
6790.00 99.38 5800.00
6790.00 0.00 5800.00
6991.00 0.00 5800.00
6992.00 0.67 5800.00
6993.00 1.34 5800.00
6994.00 2.02 5800.00
6995.00 2.69 5800.00
6996.00 3.36 5800.00
6997.00 4.03 5800.00
6998.00 4.71 5800.00
6999.00 5.38 5800.00
7000.00 6.05 5800.00
7001.00 6.73 5800.00
7002.00 7.40 5800.00
7003.00 8.07 5800.00
7004.00 8.75 5800.00
7005.00 9.42 5800.00
7006.00 10.09 5800.00
7007.00 10.77 5800.00
7008.00 11.44 5800.00
7009.00 12.11 5800.00
7010.00 12.79 5800.00
7011.00 13.46 5800.00
7012.00 14.14 5800.00
7013.00 14.81 5800.00
7014.00 15.48 5800.00
7015.00 16.16 5800.00
7016.00 16.83 5800.00
7017.00 17.51 5800.00
7018.00 18.18 5800.00
7019.00 18.86 5800.00
7020.00 19.53 5800.00
7021.00 20.21 5800.00
7022.00 20.88 5800.00
7023.00 21.56 5800.00
7024.00 22.23 5800.00
7025.00 22.91 5800.00
7026.00 23.58 5800.00
7027.00 24.26 5800.00
7028.00 24.93 5800.00
7029.00 25.61 5800.00
7030.00 26.29 5800.00
7031.00 26.96 5800.00
7032.00 27.64 5800.00
7033.00 28.31 5800.00
7034.00 28.99 5800.00
7035.00 29.67 5800.00
7036.00 30.34 5800.00
7037.00 31.02 5800.00
7038.00 31.70 5800.00
7039.00 32.37 5800.00
7040.00 33.05 5800.00
7041.00 33.73 5800.00
7042.00 34.40 5800.00
7043.00 35.08 5800.00
7044.00 35.76 5800.00
7045.00 36.43 5800.00
7046.00 37.11 5800.00
7047.00 37.79 5800.00
7048.00 38.47 5800.00
7049.00 39.14 5800.00
7050.00 39.82 5800.00
7051.00 40.50 5800.00
7052.00 41.18 5800.00
7053.00 41.86 5800.00
7054.00 42.53 5800.00
7055.00 43.21 5800.00
7056.00 43.89 5800.00
7057.00 44.57 5800.00
7058.00 45.25 5800.00
7059.00 45.93 5800.00
7060.00 46.60 5800.00
7061.00 47.28 5800.00
7062.00 47.96 5800.00
7063.00 48.64 5800.00
7064.00 49.32 5800.00
7065.00 50.00 5800.00
7066.00 50.68 5800.00
7067.00 51.36 5800.00
7068.00 52.04 5800.00
7069.00 52.72 5800.00
7070.00 53.40 5800.00
7071.00 54.08 5800.00
7072.00 54.76 5800.00
7073.00 55.44 5800.00
7074.00 56.12 5800.00
7075.00 56.80 5800.00
7076.00 57.48 5800.00
7077.00 58.16 5800.00
7078.00 58.84 5800.00
7079.00 59.52 5800.00
7080.00 60.20 5800.00
7081.00 60.88 5800.00
7082.00 61.56 5800.00
7083.00 62.24 5800.00
7084.00 62.92 5800.00
7085.00 63.60 5800.00
7086.00 64.28 5800.00
7087.00 64.97 5800.00
7088.00 65.65 5800.00
7089.00 66.33 5800.00
7090.00 67.01 5800.00
7091.00 67.69 5800.00
7092.00 68.37 5800.00
7093.00 69.06 5800.00
7094.00 69.74 5800.00
7095.00 70.42 5800.00
7096.00 71.10 5800.00
7097.00 71.78 5800.00
7098.00 72.47 5800.00
7099.00 73.15 5800.00
7100.00 73.83 5800.00
7101.00 74.51 5800.00
7102.00 75.20 5800.00
7103.00 75.88 5800.00
7104.00 76.56 5800.00
7105.00 77.25 5800.00
7106.00 77.93 5800.00
7107.00 78.61 5800.00
7108.00 79.30 5800.00
7109.00 79.98 5800.00
7110.00 80.66 5800.00
7111.00 81.35 5800.00
7112.00 82.03 5800.00
7113.00 82.71 5800.00
7114.00 83.40 5800.00
7115.00 84.08 5800.00
7116.00 84.77 5800.00
7117.00 85.45 5800.00
7118.00 86.13 5800.00
7119.00 86.82 5800.00
7120.00 87.50 5800.00
7121.00 88.19 5800.00
7122.00 88.87 5800.00
7123.00 89.56 5800.00
7124.00 90.24 5800.00
7125.00 90.93 5800.00
7126.00 91.61 5800.00
7127.00 92.30 5800.00
7128.00 92.98 5800.00
7129.00 93.67 5800.00
7130.00 94.35 5800.00
7131.00 95.04 5800.00
7132.00 95.72 5800.00
7133.00 96.41 5800.00
7134.00 97.10 5800.00
7135.00 97.78 5800.00
7136.00 98.47 5800.00
7137.00 99.15 5800.00
7138.00 99.84 5800.00
7138.00 0.00 5800.00
7339.00 0.00 5800.00
7340.00 0.68 5800.00
7341.00 1.36 5800.00
7342.00 2.04 5800.00
7343.00 2.72 5800.00
7344.00 3.40 5800.00
7345.00 4.08 5800.00
7346.00 4.76 5800.00
7347.00 5.44 5800.00
7348.00 6.12 5800.00
7349.00 6.80 5800.00
7350.00 7.48 5800.00
7351.00 8.16 5800.00
7352.00 8.84 5800.00
7353.00 9.52 5800.00
7354.00 10.20 5800.00
7355.00 10.88 5800.00
7356.00 11.56 5800.00
7357.00 12.25 5800.00
7358.00 12.93 5800.00
7359.00 13.61 5800.00
7360.00 14.29 5800.00
7361.00 14.97 5800.00
7362.00 15.65 5800.00
7363.00 16.33 5800.00
7364.00 17.02 5800.00
7365.00 17.70 5800.00
7366.00 18.38 5800.00
7367.00 19.06 5800.00
7368.00 19.74 5800.00
7369.00 20.43 5800.00
7370.00 21.11 5800.00
7371.00 21.79 5800.00
7372.00 22.47 5800.00
7373.00 23.15 5800.00
7374.00 23.84 5800.00
7375.00 24.52 5800.00
7376.00 25.20 5800.00
7377.00 25.89 5800.00
7378.00 26.57 5800.00
7379.00 27.25 5800.00
7380.00 27.94 5800.00
7381.00 28.62 5800.00
7382.00 29.30 5800.00
7383.00 29.99 5800.00
7384.00 30.67 5800.00
7385.00 31.35 5800.00
7386.00 32.04 5800.00
7387.00 32.72 5800.00
7388.00 33.40 5800.00
7389.00 34.09 5800.00
7390.00 34.77 5800.00
7391.00 35.46 5800.00
7392.00 36.14 5800.00
7393.00 36.83 5800.00
7394.00 37.51 5800.00
7395.00 38.19 5800.00
7396.00 38.88 5800.00
7397.00 39.56 5800.00
7398.00 40.25 5800.00
7399.00 40.93 5800.00
7400.00 41.62 5800.00
7401.00 42.30 5800.00
7402.00 42.99 5800.00
7403.00 43.67 5800.00
7404.00 44.36 5800.00
7405.00 45.05 5800.00
7406.00 45.73 5800.00
7407.00 46.42 5800.00
7408.00 47.10 5800.00
7409.00 47.79 5800.00
7410.00 48.47 5800.00
7411.00 49.16 5800.00
7412.00 49.85 5800.00
7413.00 50.53 5800.00
7414.00 51.22 5800.00
7415.00 51.91 5800.00
7416.00 52.59 5800.00
7417.00 53.28 5800.00
7418.00 53.97 5800.00
7419.00 54.65 5800.00
7420.00 55.34 5800.00
7421.00 56.03 5800.00
7422.00 56.71 5800.00
7423.00 57.40 5800.00
7424.00 58.09 5800.00
7425.00 58.77 5800.00
7426.00 59.46 5800.00
7427.00 60.15 5800.00
7428.00 60.84 5800.00
7429.00 61.53 5800.00
7430.00 62.21 5800.00
7431.00 62.90 5800.00
7432.00 63.59 5800.00
7433.00 64.28 5800.00
7434.00 64.97 5800.00
7435.00 65.65 5800.00
7436.00 66.34 5800.00
7437.00 67.03 5800.00
7438.00 67.72 5800.00
7439.00 68.41 5800.00
7440.00 69.10 5800.00
7441.00 69.79 5800.00
7442.00 70.47 5800.00
7443.00 71.16 5800.00
7444.00 71.85 5800.00
7445.00 72.54 5800.00
7446.00 73.23 5800.00
7447.00 73.92 5800.00
7448.00 74.61 5800.00
7449.00 75.30 5800.00
7450.00 75.99 5800.00
7451.00 76.68 5800.00
7452.00 77.37 5800.00
7453.00 78.06 5800.00
7454.00 78.75 5800.00
7455.00 79.44 5800.00
7456.00 80.13 5800.00
7457.00 80.82 5800.00
7458.00 81.51 5800.00
7459.00 82.20 5800.00
7460.00 82.89 5800.00
7461.00 83.58 5800.00
7462.00 84.27 5800.00
7463.00 84.96 5800.00
7464.00 85.65 5800.00
7465.00 86.35 5800.00
7466.00 87.04 5800.00
7467.00 87.73 5800.00
7468.00 88.42 5800.00
7469.00 89.11 5800.00
7470.00 89.80 5800.00
7471.00 90.49 5800.00
7472.00 91.19 5800.00
7473.00 91.88 5800.00
7474.00 92.57 5800.00
7475.00 93.26 5800.00
7476.00 93.95 5800.00
7477.00 94.65 5800.00
7478.00 95.34 5800.00
7479.00 96.03 5800.00
7480.00 96.72 5800.00
7481.00 97.41 5800.00
7482.00 98.11 5800.00
7483.00 98.80 5800.00
7484.00 99.49 5800.00
7484.00 0.00 5800.00
7685.00 0.00 5800.00
7686.00 0.69 5800.00
7687.00 1.37 5800.00
7688.00 2.06 5800.00
7689.00 2.75 5800.00
7690.00 3.43 5800.00
7691.00 4.12 5800.00
7692.00 4.80 5800.00
7693.00 5.49 5800.00
7694.00 6.18 5800.00
7695.00 6.87 5800.00
7696.00 7.55 5800.00
7697.00 8.24 5800.00
7698.00 8.93 5800.00
7699.00 9.61 5800.00
7700.00 10.30 5800.00
7701.00 10.99 5800.00
7702.00 11.68 5800.00
7703.00 12.36 5800.00
7704.00 13.05 5800.00
7705.00 13.74 5800.00
7706.00 14.43 5800.00
7707.00 15.12 5800.00
7708.00 15.80 5800.00
7709.00 16.49 5800.00
7710.00 17.18 5800.00
7711.00 17.87 5800.00
7712.00 18.56 5800.00
7713.00 19.25 5800.00
7714.00 19.93 5800.00
7715.00 20.62 5800.00
7716.00 21.31 5800.00
7717.00 22.00 5800.00
7718.00 22.69 5800.00
7719.00 23.38 5800.00
7720.00 24.07 5800.00
7721.00 24.76 5800.00
7722.00 25.45 5800.00
7723.00 26.14 5800.00
7724.00 26.82 5800.00
7725.00 27.51 5800.00
7726.00 28.20 5800.00
7727.00 28.89 5800.00
7728.00 29.58 5800.00
7729.00 30.27 5800.00
7730.00 30.96 5800.00
7731.00 31.65 5800.00
7732.00 32.34 5800.00
7733.00 33.03 5800.00
7734.00 33.72 5800.00
7735.00 34.42 5800.00
7736.00 35.11 5800.00
7737.00 35.80 5800.00
7738.00 36.49 5800.00
7739.00 37.18 5800.00
7740.00 37.87 5800.00
7741.00 38.56 5800.00
7742.00 39.25 5800.00
7743.00 39.94 5800.00
7744.00 40.63 5800.00
7745.00 41.33 5800.00
7746.00 42.02 5800.00
7747.00 42.71 5800.00
7748.00 43.40 5800.00
7749.00 44.09 5800.00
7750.00 44.78 5800.00
7751.00 45.48 5800.00
7752.00 46.17 5800.00
7753.00 46.86 5800.00
7754.00 47.55 5800.00
7755.00 48.24 5800.00
7756.00 48.94 5800.00
7757.00 49.63 5800.00
7758.00 50.32 5800.00
7759.00 51.01 5800.00
7760.00 51.71 5800.00
7761.00 52.40 5800.00
7762.00 53.09 5800.00
7763.00 53.79 5800.00
7764.00 54.48 5800.00
7765.00 55.17 5800.00
7766.00 55.86 5800.00
7767.00 56.56 5800.00
7768.00 57.25 5800.00
7769.00 57.95 5800.00
7770.00 58.64 5800.00
7771.00 59.33 5800.00
7772.00 60.03 5800.00
7773.00 60.72 5800.00
7774.00 61.41 5800.00
7775.00 62.11 5800.00
7776.00 62.80 5800.00
7777.00 63.50 5800.00
7778.00 64.19 5800.00
7779.00 64.89 5800.00
7780.00 65.58 5800.00
7781.00 66.27 5800.00
7782.00 66.97 5800.00
7783.00 67.66 5800.00
7784.00 68.36 5800.00
7785.00 69.05 5800.00
7786.00 69.75 5800.00
7787.00 70.44 5800.00
7788.00 71.14 5800.00
7789.00 71.83 5800.00
7790.00 72.53 5800.00
7791.00 73.23 5800.00
7792.00 73.92 5800.00
7793.00 74.62 5800.00
7794.00 75.31 5800.00
7795.00 76.01 5800.00
7796.00 76.70 5800.00
7797.00 77.40 5800.00
7798.00 78.10 5800.00
7799.00 78.79 5800.00
7800.00 79.49 5800.00
7801.00 80.19 5800.00
7802.00 80.88 5800.00
7803.00 81.58 5800.00
7804.00 82.27 5800.00
7805.00 82.97 5800.00
7806.00 83.67 5800.00
7807.00 84.37 5800.00
7808.00 85.06 5800.00
7809.00 85.76 5800.00
7810.00 86.46 5800.00
7811.00 87.15 5800.00
7812.00 87.85 5800.00
7813.00 88.55 5800.00
7814.00 89.25 5800.00
7815.00 89.94 5800.00
7816.00 90.64 5800.00
7817.00 91.34 5800.00
7818.00 92.04 5800.00
7819.00 92.74 5800.00
7820.00 93.43 5800.00
7821.00 94.13 5800.00
7822.00 94.83 5800.00
7823.00 95.53 5800.00
7824.00 96.23 5800.00
7825.00 96.93 5800.00
7826.00 97.62 5800.00
7827.00 98.32 5800.00
7828.00 99.02 5800.00
7829.00 99.72 5800.00
7829.00 0.00 5800.00
