200.00 5.00 2000.00
201.00 5.05 2000.00
202.00 5.10 2000.00
203.00 5.15 2000.00
204.00 5.20 2000.00
205.00 5.25 2000.00
206.00 5.30 2000.00
207.00 5.36 2000.00
208.00 5.41 2000.00
209.00 5.46 2000.00
210.00 5.51 2000.00
211.00 5.57 2000.00
212.00 5.62 2000.00
213.00 5.67 2000.00
214.00 5.72 2000.00
215.00 5.78 2000.00
216.00 5.83 2000.00
217.00 5.89 2000.00
218.00 5.94 2000.00
219.00 6.00 2000.00
220.00 6.05 2000.00
221.00 6.11 2000.00
222.00 6.16 2000.00
223.00 6.22 2000.00
224.00 6.27 2000.00
225.00 6.33 2000.00
226.00 6.38 2000.00
227.00 6.44 2000.00
228.00 6.50 2000.00
229.00 6.56 2000.00
230.00 6.61 2000.00
231.00 6.67 2000.00
232.00 6.73 2000.00
233.00 6.79 2000.00
234.00 6.84 2000.00
235.00 6.90 2000.00
236.00 6.96 2000.00
237.00 7.02 2000.00
238.00 7.08 2000.00
239.00 7.14 2000.00
240.00 7.20 2000.00
241.00 7.26 2000.00
242.00 7.32 2000.00
243.00 7.38 2000.00
244.00 7.44 2000.00
245.00 7.50 2000.00
246.00 7.56 2000.00
247.00 7.63 2000.00
248.00 7.69 2000.00
249.00 7.75 2000.00
250.00 7.81 2000.00
251.00 7.88 2000.00
252.00 7.94 2000.00
253.00 8.00 2000.00
254.00 8.06 2000.00
255.00 8.13 2000.00
256.00 8.19 2000.00
257.00 8.26 2000.00
258.00 8.32 2000.00
259.00 8.39 2000.00
260.00 8.45 2000.00
261.00 8.52 2000.00
262.00 8.58 2000.00
263.00 8.65 2000.00
264.00 8.71 2000.00
265.00 8.78 2000.00
266.00 8.84 2000.00
267.00 8.91 2000.00
268.00 8.98 2000.00
269.00 9.05 2000.00
270.00 9.11 2000.00
271.00 9.18 2000.00
272.00 9.25 2000.00
273.00 9.32 2000.00
274.00 9.38 2000.00
275.00 9.45 2000.00
276.00 9.52 2000.00
277.00 9.59 2000.00
278.00 9.66 2000.00
279.00 9.73 2000.00
280.00 9.80 2000.00
281.00 9.87 2000.00
282.00 9.94 2000.00
283.00 10.01 2000.00
284.00 10.08 2000.00
285.00 10.15 2000.00
286.00 10.22 2000.00
287.00 10.30 2000.00
288.00 10.37 2000.00
289.00 10.44 2000.00
290.00 10.51 2000.00
291.00 10.59 2000.00
292.00 10.66 2000.00
293.00 10.73 2000.00
294.00 10.80 2000.00
295.00 10.88 2000.00
296.00 10.95 2000.00
297.00 11.03 2000.00
298.00 11.10 2000.00
299.00 11.18 2000.00
300.00 11.25 2000.00
301.00 11.33 2000.00
302.00 11.40 2000.00
303.00 11.48 2000.00
304.00 11.55 2000.00
305.00 11.63 2000.00
306.00 11.70 2000.00
307.00 11.78 2000.00
308.00 11.86 2000.00
309.00 11.94 2000.00
310.00 12.01 2000.00
311.00 12.09 2000.00
312.00 12.17 2000.00
313.00 12.25 2000.00
314.00 12.32 2000.00
315.00 12.40 2000.00
316.00 12.48 2000.00
317.00 12.56 2000.00
318.00 12.64 2000.00
319.00 12.72 2000.00
320.00 12.80 2000.00
321.00 12.88 2000.00
322.00 12.96 2000.00
323.00 13.04 2000.00
324.00 13.12 2000.00
325.00 13.20 2000.00
326.00 13.28 2000.00
327.00 13.37 2000.00
328.00 13.45 2000.00
329.00 13.53 2000.00
330.00 13.61 2000.00
331.00 13.70 2000.00
332.00 13.78 2000.00
333.00 13.86 2000.00
334.00 13.94 2000.00
335.00 14.03 2000.00
336.00 14.11 2000.00
337.00 14.20 2000.00
338.00 14.28 2000.00
339.00 14.37 2000.00
340.00 14.45 2000.00
341.00 14.54 2000.00
342.00 14.62 2000.00
343.00 14.71 2000.00
344.00 14.79 2000.00
345.00 14.88 2000.00
346.00 14.96 2000.00
347.00 15.05 2000.00
348.00 15.14 2000.00
349.00 15.23 2000.00
350.00 15.31 2000.00
351.00 15.40 2000.00
352.00 15.49 2000.00
353.00 15.58 2000.00
354.00 15.66 2000.00
355.00 15.75 2000.00
356.00 15.84 2000.00
357.00 15.93 2000.00
358.00 16.02 2000.00
359.00 16.11 2000.00
360.00 16.20 2000.00
361.00 16.29 2000.00
362.00 16.38 2000.00
363.00 16.47 2000.00
364.00 16.56 2000.00
365.00 16.65 2000.00
366.00 16.74 2000.00
367.00 16.84 2000.00
368.00 16.93 2000.00
369.00 17.02 2000.00
370.00 17.11 2000.00
371.00 17.21 2000.00
372.00 17.30 2000.00
373.00 17.39 2000.00
374.00 17.48 2000.00
375.00 17.58 2000.00
376.00 17.67 2000.00
377.00 17.77 2000.00
378.00 17.86 2000.00
379.00 17.96 2000.00
380.00 18.05 2000.00
381.00 18.15 2000.00
382.00 18.24 2000.00
383.00 18.34 2000.00
384.00 18.43 2000.00
385.00 18.53 2000.00
386.00 18.62 2000.00
387.00 18.72 2000.00
388.00 18.82 2000.00
389.00 18.92 2000.00
390.00 19.01 2000.00
391.00 19.11 2000.00
392.00 19.21 2000.00
393.00 19.31 2000.00
394.00 19.40 2000.00
395.00 19.50 2000.00
396.00 19.60 2000.00
397.00 19.70 2000.00
398.00 19.80 2000.00
399.00 19.90 2000.00
400.00 20.00 2000.00
401.00 20.10 2000.00
402.00 20.20 2000.00
403.00 20.30 2000.00
404.00 20.40 2000.00
405.00 20.50 2000.00
406.00 20.60 2000.00
407.00 20.71 2000.00
408.00 20.81 2000.00
409.00 20.91 2000.00
410.00 21.01 2000.00
411.00 21.12 2000.00
412.00 21.22 2000.00
413.00 21.32 2000.00
414.00 21.42 2000.00
415.00 21.53 2000.00
416.00 21.63 2000.00
417.00 21.74 2000.00
418.00 21.84 2000.00
419.00 21.95 2000.00
420.00 22.05 2000.00
421.00 22.16 2000.00
422.00 22.26 2000.00
423.00 22.37 2000.00
424.00 22.47 2000.00
425.00 22.58 2000.00
426.00 22.68 2000.00
427.00 22.79 2000.00
428.00 22.90 2000.00
429.00 23.01 2000.00
430.00 23.11 2000.00
431.00 23.22 2000.00
432.00 23.33 2000.00
433.00 23.44 2000.00
434.00 23.54 2000.00
435.00 23.65 2000.00
436.00 23.76 2000.00
437.00 23.87 2000.00
438.00 23.98 2000.00
439.00 24.09 2000.00
440.00 24.20 2000.00
441.00 24.31 2000.00
442.00 24.42 2000.00
443.00 24.53 2000.00
444.00 24.64 2000.00
445.00 24.75 2000.00
446.00 24.86 2000.00
447.00 24.98 2000.00
448.00 25.09 2000.00
449.00 25.20 2000.00
450.00 25.31 2000.00
451.00 25.43 2000.00
452.00 25.54 2000.00
453.00 25.65 2000.00
454.00 25.76 2000.00
455.00 25.88 2000.00
456.00 25.99 2000.00
457.00 26.11 2000.00
458.00 26.22 2000.00
459.00 26.34 2000.00
460.00 26.45 2000.00
461.00 26.57 2000.00
462.00 26.68 2000.00
463.00 26.80 2000.00
464.00 26.91 2000.00
465.00 27.03 2000.00
466.00 27.14 2000.00
467.00 27.26 2000.00
468.00 27.38 2000.00
469.00 27.50 2000.00
470.00 27.61 2000.00
471.00 27.73 2000.00
472.00 27.85 2000.00
473.00 27.97 2000.00
474.00 28.08 2000.00
475.00 28.20 2000.00
476.00 28.32 2000.00
477.00 28.44 2000.00
478.00 28.56 2000.00
479.00 28.68 2000.00
480.00 28.80 2000.00
481.00 28.92 2000.00
482.00 29.04 2000.00
483.00 29.16 2000.00
484.00 29.28 2000.00
485.00 29.40 2000.00
486.00 29.52 2000.00
487.00 29.65 2000.00
488.00 29.77 2000.00
489.00 29.89 2000.00
490.00 30.01 2000.00
491.00 30.14 2000.00
492.00 30.26 2000.00
493.00 30.38 2000.00
494.00 30.50 2000.00
495.00 30.63 2000.00
496.00 30.75 2000.00
497.00 30.88 2000.00
498.00 31.00 2000.00
499.00 31.13 2000.00
500.00 31.25 2000.00
501.00 31.38 2000.00
502.00 31.50 2000.00
503.00 31.63 2000.00
504.00 31.75 2000.00
505.00 31.88 2000.00
506.00 32.00 2000.00
507.00 32.13 2000.00
508.00 32.26 2000.00
509.00 32.39 2000.00
510.00 32.51 2000.00
511.00 32.64 2000.00
512.00 32.77 2000.00
513.00 32.90 2000.00
514.00 33.02 2000.00
515.00 33.15 2000.00
516.00 33.28 2000.00
517.00 33.41 2000.00
518.00 33.54 2000.00
519.00 33.67 2000.00
520.00 33.80 2000.00
521.00 33.93 2000.00
522.00 34.06 2000.00
523.00 34.19 2000.00
524.00 34.32 2000.00
525.00 34.45 2000.00
526.00 34.58 2000.00
527.00 34.72 2000.00
528.00 34.85 2000.00
529.00 34.98 2000.00
530.00 35.11 2000.00
531.00 35.25 2000.00
532.00 35.38 2000.00
533.00 35.51 2000.00
534.00 35.64 2000.00
535.00 35.78 2000.00
536.00 35.91 2000.00
537.00 36.05 2000.00
538.00 36.18 2000.00
539.00 36.32 2000.00
540.00 36.45 2000.00
541.00 36.59 2000.00
542.00 36.72 2000.00
543.00 36.86 2000.00
544.00 36.99 2000.00
545.00 37.13 2000.00
546.00 37.26 2000.00
547.00 37.40 2000.00
548.00 37.54 2000.00
549.00 37.68 2000.00
550.00 37.81 2000.00
551.00 37.95 2000.00
552.00 38.09 2000.00
553.00 38.23 2000.00
554.00 38.36 2000.00
555.00 38.50 2000.00
556.00 38.64 2000.00
557.00 38.78 2000.00
558.00 38.92 2000.00
559.00 39.06 2000.00
560.00 39.20 2000.00
561.00 39.34 2000.00
562.00 39.48 2000.00
563.00 39.62 2000.00
564.00 39.76 2000.00
565.00 39.90 2000.00
566.00 40.04 2000.00
567.00 40.19 2000.00
568.00 40.33 2000.00
569.00 40.47 2000.00
570.00 40.61 2000.00
571.00 40.76 2000.00
572.00 40.90 2000.00
573.00 41.04 2000.00
574.00 41.18 2000.00
575.00 41.33 2000.00
576.00 41.47 2000.00
577.00 41.62 2000.00
578.00 41.76 2000.00
579.00 41.91 2000.00
580.00 42.05 2000.00
581.00 42.20 2000.00
582.00 42.34 2000.00
583.00 42.49 2000.00
584.00 42.63 2000.00
585.00 42.78 2000.00
586.00 42.92 2000.00
587.00 43.07 2000.00
588.00 43.22 2000.00
589.00 43.37 2000.00
590.00 43.51 2000.00
591.00 43.66 2000.00
592.00 43.81 2000.00
593.00 43.96 2000.00
594.00 44.10 2000.00
595.00 44.25 2000.00
596.00 44.40 2000.00
597.00 44.55 2000.00
598.00 44.70 2000.00
599.00 44.85 2000.00
600.00 45.00 2000.00
601.00 45.15 2000.00
602.00 45.30 2000.00
603.00 45.45 2000.00
604.00 45.60 2000.00
605.00 45.75 2000.00
606.00 45.90 2000.00
607.00 46.06 2000.00
608.00 46.21 2000.00
609.00 46.36 2000.00
610.00 46.51 2000.00
611.00 46.67 2000.00
612.00 46.82 2000.00
613.00 46.97 2000.00
614.00 47.12 2000.00
615.00 47.28 2000.00
616.00 47.43 2000.00
617.00 47.59 2000.00
618.00 47.74 2000.00
619.00 47.90 2000.00
620.00 48.05 2000.00
621.00 48.21 2000.00
622.00 48.36 2000.00
623.00 48.52 2000.00
624.00 48.67 2000.00
625.00 48.83 2000.00
626.00 48.98 2000.00
627.00 49.14 2000.00
628.00 49.30 2000.00
629.00 49.46 2000.00
630.00 49.61 2000.00
631.00 49.77 2000.00
632.00 49.93 2000.00
633.00 50.09 2000.00
634.00 50.24 2000.00
635.00 50.40 2000.00
636.00 50.56 2000.00
637.00 50.72 2000.00
638.00 50.88 2000.00
639.00 51.04 2000.00
640.00 51.20 2000.00
641.00 51.36 2000.00
642.00 51.52 2000.00
643.00 51.68 2000.00
644.00 51.84 2000.00
645.00 52.00 2000.00
646.00 52.16 2000.00
647.00 52.33 2000.00
648.00 52.49 2000.00
649.00 52.65 2000.00
650.00 52.81 2000.00
651.00 52.98 2000.00
652.00 53.14 2000.00
653.00 53.30 2000.00
654.00 53.46 2000.00
655.00 53.63 2000.00
656.00 53.79 2000.00
657.00 53.96 2000.00
658.00 54.12 2000.00
659.00 54.29 2000.00
660.00 54.45 2000.00
661.00 54.62 2000.00
662.00 54.78 2000.00
663.00 54.95 2000.00
664.00 55.11 2000.00
665.00 55.28 2000.00
666.00 55.44 2000.00
667.00 55.61 2000.00
668.00 55.78 2000.00
669.00 55.95 2000.00
670.00 56.11 2000.00
671.00 56.28 2000.00
672.00 56.45 2000.00
673.00 56.62 2000.00
674.00 56.78 2000.00
675.00 56.95 2000.00
676.00 57.12 2000.00
677.00 57.29 2000.00
678.00 57.46 2000.00
679.00 57.63 2000.00
680.00 57.80 2000.00
681.00 57.97 2000.00
682.00 58.14 2000.00
683.00 58.31 2000.00
684.00 58.48 2000.00
685.00 58.65 2000.00
686.00 58.82 2000.00
687.00 59.00 2000.00
688.00 59.17 2000.00
689.00 59.34 2000.00
690.00 59.51 2000.00
691.00 59.69 2000.00
692.00 59.86 2000.00
693.00 60.03 2000.00
694.00 60.20 2000.00
695.00 60.38 2000.00
696.00 60.55 2000.00
697.00 60.73 2000.00
698.00 60.90 2000.00
699.00 61.08 2000.00
700.00 61.25 2000.00
701.00 61.43 2000.00
702.00 61.60 2000.00
703.00 61.78 2000.00
704.00 61.95 2000.00
705.00 62.13 2000.00
706.00 62.30 2000.00
707.00 62.48 2000.00
708.00 62.66 2000.00
709.00 62.84 2000.00
710.00 63.01 2000.00
711.00 63.19 2000.00
712.00 63.37 2000.00
713.00 63.55 2000.00
714.00 63.72 2000.00
715.00 63.90 2000.00
716.00 64.08 2000.00
717.00 64.26 2000.00
718.00 64.44 2000.00
719.00 64.62 2000.00
720.00 64.80 2000.00
721.00 64.98 2000.00
722.00 65.16 2000.00
723.00 65.34 2000.00
724.00 65.52 2000.00
725.00 65.70 2000.00
726.00 65.88 2000.00
727.00 66.07 2000.00
728.00 66.25 2000.00
729.00 66.43 2000.00
730.00 66.61 2000.00
731.00 66.80 2000.00
732.00 66.98 2000.00
733.00 67.16 2000.00
734.00 67.34 2000.00
735.00 67.53 2000.00
736.00 67.71 2000.00
737.00 67.90 2000.00
738.00 68.08 2000.00
739.00 68.27 2000.00
740.00 68.45 2000.00
741.00 68.64 2000.00
742.00 68.82 2000.00
743.00 69.01 2000.00
744.00 69.19 2000.00
745.00 69.38 2000.00
746.00 69.56 2000.00
747.00 69.75 2000.00
748.00 69.94 2000.00
749.00 70.13 2000.00
750.00 70.31 2000.00
751.00 70.50 2000.00
752.00 70.69 2000.00
753.00 70.88 2000.00
754.00 71.06 2000.00
755.00 71.25 2000.00
756.00 71.44 2000.00
757.00 71.63 2000.00
758.00 71.82 2000.00
759.00 72.01 2000.00
760.00 72.20 2000.00
761.00 72.39 2000.00
762.00 72.58 2000.00
763.00 72.77 2000.00
764.00 72.96 2000.00
765.00 73.15 2000.00
766.00 73.34 2000.00
767.00 73.54 2000.00
768.00 73.73 2000.00
769.00 73.92 2000.00
770.00 74.11 2000.00
771.00 74.31 2000.00
772.00 74.50 2000.00
773.00 74.69 2000.00
774.00 74.88 2000.00
775.00 75.08 2000.00
776.00 75.27 2000.00
777.00 75.47 2000.00
778.00 75.66 2000.00
779.00 75.86 2000.00
780.00 76.05 2000.00
781.00 76.25 2000.00
782.00 76.44 2000.00
783.00 76.64 2000.00
784.00 76.83 2000.00
785.00 77.03 2000.00
786.00 77.22 2000.00
787.00 77.42 2000.00
788.00 77.62 2000.00
789.00 77.82 2000.00
790.00 78.01 2000.00
791.00 78.21 2000.00
792.00 78.41 2000.00
793.00 78.61 2000.00
794.00 78.80 2000.00
795.00 79.00 2000.00
796.00 79.20 2000.00
797.00 79.40 2000.00
798.00 79.60 2000.00
799.00 79.80 2000.00
800.00 80.00 2000.00
801.00 80.20 2000.00
802.00 80.40 2000.00
803.00 80.60 2000.00
804.00 80.80 2000.00
805.00 81.00 2000.00
806.00 81.20 2000.00
807.00 81.41 2000.00
808.00 81.61 2000.00
809.00 81.81 2000.00
810.00 82.01 2000.00
811.00 82.22 2000.00
812.00 82.42 2000.00
813.00 82.62 2000.00
814.00 82.82 2000.00
815.00 83.03 2000.00
816.00 83.23 2000.00
817.00 83.44 2000.00
818.00 83.64 2000.00
819.00 83.85 2000.00
820.00 84.05 2000.00
821.00 84.26 2000.00
822.00 84.46 2000.00
823.00 84.67 2000.00
824.00 84.87 2000.00
825.00 85.08 2000.00
826.00 85.28 2000.00
827.00 85.49 2000.00
828.00 85.70 2000.00
829.00 85.91 2000.00
830.00 86.11 2000.00
831.00 86.32 2000.00
832.00 86.53 2000.00
833.00 86.74 2000.00
834.00 86.94 2000.00
835.00 87.15 2000.00
836.00 87.36 2000.00
837.00 87.57 2000.00
838.00 87.78 2000.00
839.00 87.99 2000.00
840.00 88.20 2000.00
841.00 88.41 2000.00
842.00 88.62 2000.00
843.00 88.83 2000.00
844.00 89.04 2000.00
845.00 89.25 2000.00
846.00 89.46 2000.00
847.00 89.68 2000.00
848.00 89.89 2000.00
849.00 90.10 2000.00
850.00 90.31 2000.00
851.00 90.53 2000.00
852.00 90.74 2000.00
853.00 90.95 2000.00
854.00 91.16 2000.00
855.00 91.38 2000.00
856.00 91.59 2000.00
857.00 91.81 2000.00
858.00 92.02 2000.00
859.00 92.24 2000.00
860.00 92.45 2000.00
861.00 92.67 2000.00
862.00 92.88 2000.00
863.00 93.10 2000.00
864.00 93.31 2000.00
865.00 93.53 2000.00
866.00 93.74 2000.00
867.00 93.96 2000.00
868.00 94.18 2000.00
869.00 94.40 2000.00
870.00 94.61 2000.00
871.00 94.83 2000.00
872.00 95.05 2000.00
873.00 95.27 2000.00
874.00 95.48 2000.00
875.00 95.70 2000.00
876.00 95.92 2000.00
877.00 96.14 2000.00
878.00 96.36 2000.00
879.00 96.58 2000.00
880.00 96.80 2000.00
881.00 97.02 2000.00
882.00 97.24 2000.00
883.00 97.46 2000.00
884.00 97.68 2000.00
885.00 97.90 2000.00
886.00 98.12 2000.00
887.00 98.35 2000.00
888.00 98.57 2000.00
889.00 98.79 2000.00
890.00 99.01 2000.00
891.00 99.24 2000.00
892.00 99.46 2000.00
893.00 99.68 2000.00
894.00 99.90 2000.00
895.00 0.00 0.00
1095.00 0.00 2200.00
1096.00 0.25 2200.00
1097.00 0.50 2200.00
1098.00 0.75 2200.00
1099.00 1.00 2200.00
1100.00 1.25 2200.00
1101.00 1.50 2200.00
1102.00 1.75 2200.00
1103.00 2.00 2200.00
1104.00 2.25 2200.00
1105.00 2.50 2200.00
1106.00 2.75 2200.00
1107.00 3.00 2200.00
1108.00 3.25 2200.00
1109.00 3.51 2200.00
1110.00 3.76 2200.00
1111.00 4.01 2200.00
1112.00 4.26 2200.00
1113.00 4.52 2200.00
1114.00 4.77 2200.00
1115.00 5.02 2200.00
1116.00 5.28 2200.00
1117.00 5.53 2200.00
1118.00 5.78 2200.00
1119.00 6.04 2200.00
1120.00 6.29 2200.00
1121.00 6.55 2200.00
1122.00 6.80 2200.00
1123.00 7.06 2200.00
1124.00 7.31 2200.00
1125.00 7.57 2200.00
1126.00 7.82 2200.00
1127.00 8.08 2200.00
1128.00 8.34 2200.00
1129.00 8.59 2200.00
1130.00 8.85 2200.00
1131.00 9.11 2200.00
1132.00 9.36 2200.00
1133.00 9.62 2200.00
1134.00 9.88 2200.00
1135.00 10.14 2200.00
1136.00 10.39 2200.00
1137.00 10.65 2200.00
1138.00 10.91 2200.00
1139.00 11.17 2200.00
1140.00 11.43 2200.00
1141.00 11.69 2200.00
1142.00 11.95 2200.00
1143.00 12.21 2200.00
1144.00 12.47 2200.00
1145.00 12.73 2200.00
1146.00 12.99 2200.00
1147.00 13.25 2200.00
1148.00 13.51 2200.00
1149.00 13.77 2200.00
1150.00 14.03 2200.00
1151.00 14.29 2200.00
1152.00 14.55 2200.00
1153.00 14.82 2200.00
1154.00 15.08 2200.00
1155.00 15.34 2200.00
1156.00 15.60 2200.00
1157.00 15.87 2200.00
1158.00 16.13 2200.00
1159.00 16.39 2200.00
1160.00 16.66 2200.00
1161.00 16.92 2200.00
1162.00 17.18 2200.00
1163.00 17.45 2200.00
1164.00 17.71 2200.00
1165.00 17.98 2200.00
1166.00 18.24 2200.00
1167.00 18.51 2200.00
1168.00 18.77 2200.00
1169.00 19.04 2200.00
1170.00 19.30 2200.00
1171.00 19.57 2200.00
1172.00 19.84 2200.00
1173.00 20.10 2200.00
1174.00 20.37 2200.00
1175.00 20.64 2200.00
1176.00 20.90 2200.00
1177.00 21.17 2200.00
1178.00 21.44 2200.00
1179.00 21.71 2200.00
1180.00 21.97 2200.00
1181.00 22.24 2200.00
1182.00 22.51 2200.00
1183.00 22.78 2200.00
1184.00 23.05 2200.00
1185.00 23.32 2200.00
1186.00 23.59 2200.00
1187.00 23.86 2200.00
1188.00 24.13 2200.00
1189.00 24.40 2200.00
1190.00 24.67 2200.00
1191.00 24.94 2200.00
1192.00 25.21 2200.00
1193.00 25.48 2200.00
1194.00 25.75 2200.00
1195.00 26.02 2200.00
1196.00 26.29 2200.00
1197.00 26.57 2200.00
1198.00 26.84 2200.00
1199.00 27.11 2200.00
1200.00 27.38 2200.00
1201.00 27.66 2200.00
1202.00 27.93 2200.00
1203.00 28.20 2200.00
1204.00 28.48 2200.00
1205.00 28.75 2200.00
1206.00 29.02 2200.00
1207.00 29.30 2200.00
1208.00 29.57 2200.00
1209.00 29.85 2200.00
1210.00 30.12 2200.00
1211.00 30.40 2200.00
1212.00 30.67 2200.00
1213.00 30.95 2200.00
1214.00 31.22 2200.00
1215.00 31.50 2200.00
1216.00 31.78 2200.00
1217.00 32.05 2200.00
1218.00 32.33 2200.00
1219.00 32.61 2200.00
1220.00 32.88 2200.00
1221.00 33.16 2200.00
1222.00 33.44 2200.00
1223.00 33.72 2200.00
1224.00 33.99 2200.00
1225.00 34.27 2200.00
1226.00 34.55 2200.00
1227.00 34.83 2200.00
1228.00 35.11 2200.00
1229.00 35.39 2200.00
1230.00 35.67 2200.00
1231.00 35.95 2200.00
1232.00 36.23 2200.00
1233.00 36.51 2200.00
1234.00 36.79 2200.00
1235.00 37.07 2200.00
1236.00 37.35 2200.00
1237.00 37.63 2200.00
1238.00 37.91 2200.00
1239.00 38.19 2200.00
1240.00 38.47 2200.00
1241.00 38.76 2200.00
1242.00 39.04 2200.00
1243.00 39.32 2200.00
1244.00 39.60 2200.00
1245.00 39.89 2200.00
1246.00 40.17 2200.00
1247.00 40.45 2200.00
1248.00 40.74 2200.00
1249.00 41.02 2200.00
1250.00 41.30 2200.00
1251.00 41.59 2200.00
1252.00 41.87 2200.00
1253.00 42.16 2200.00
1254.00 42.44 2200.00
1255.00 42.73 2200.00
1256.00 43.01 2200.00
1257.00 43.30 2200.00
1258.00 43.58 2200.00
1259.00 43.87 2200.00
1260.00 44.16 2200.00
1261.00 44.44 2200.00
1262.00 44.73 2200.00
1263.00 45.02 2200.00
1264.00 45.30 2200.00
1265.00 45.59 2200.00
1266.00 45.88 2200.00
1267.00 46.17 2200.00
1268.00 46.45 2200.00
1269.00 46.74 2200.00
1270.00 47.03 2200.00
1271.00 47.32 2200.00
1272.00 47.61 2200.00
1273.00 47.90 2200.00
1274.00 48.19 2200.00
1275.00 48.48 2200.00
1276.00 48.77 2200.00
1277.00 49.06 2200.00
1278.00 49.35 2200.00
1279.00 49.64 2200.00
1280.00 49.93 2200.00
1281.00 50.22 2200.00
1282.00 50.51 2200.00
1283.00 50.80 2200.00
1284.00 51.09 2200.00
1285.00 51.39 2200.00
1286.00 51.68 2200.00
1287.00 51.97 2200.00
1288.00 52.26 2200.00
1289.00 52.56 2200.00
1290.00 52.85 2200.00
1291.00 53.14 2200.00
1292.00 53.44 2200.00
1293.00 53.73 2200.00
1294.00 54.02 2200.00
1295.00 54.32 2200.00
1296.00 54.61 2200.00
1297.00 54.91 2200.00
1298.00 55.20 2200.00
1299.00 55.50 2200.00
1300.00 55.79 2200.00
1301.00 56.09 2200.00
1302.00 56.38 2200.00
1303.00 56.68 2200.00
1304.00 56.98 2200.00
1305.00 57.27 2200.00
1306.00 57.57 2200.00
1307.00 57.87 2200.00
1308.00 58.16 2200.00
1309.00 58.46 2200.00
1310.00 58.76 2200.00
1311.00 59.06 2200.00
1312.00 59.35 2200.00
1313.00 59.65 2200.00
1314.00 59.95 2200.00
1315.00 60.25 2200.00
1316.00 60.55 2200.00
1317.00 60.85 2200.00
1318.00 61.15 2200.00
1319.00 61.45 2200.00
1320.00 61.75 2200.00
1321.00 62.05 2200.00
1322.00 62.35 2200.00
1323.00 62.65 2200.00
1324.00 62.95 2200.00
1325.00 63.25 2200.00
1326.00 63.55 2200.00
1327.00 63.85 2200.00
1328.00 64.15 2200.00
1329.00 64.46 2200.00
1330.00 64.76 2200.00
1331.00 65.06 2200.00
1332.00 65.36 2200.00
1333.00 65.67 2200.00
1334.00 65.97 2200.00
1335.00 66.27 2200.00
1336.00 66.58 2200.00
1337.00 66.88 2200.00
1338.00 67.18 2200.00
1339.00 67.49 2200.00
1340.00 67.79 2200.00
1341.00 68.10 2200.00
1342.00 68.40 2200.00
1343.00 68.71 2200.00
1344.00 69.01 2200.00
1345.00 69.32 2200.00
1346.00 69.62 2200.00
1347.00 69.93 2200.00
1348.00 70.24 2200.00
1349.00 70.54 2200.00
1350.00 70.85 2200.00
1351.00 71.16 2200.00
1352.00 71.46 2200.00
1353.00 71.77 2200.00
1354.00 72.08 2200.00
1355.00 72.39 2200.00
1356.00 72.69 2200.00
1357.00 73.00 2200.00
1358.00 73.31 2200.00
1359.00 73.62 2200.00
1360.00 73.93 2200.00
1361.00 74.24 2200.00
1362.00 74.55 2200.00
1363.00 74.86 2200.00
1364.00 75.17 2200.00
1365.00 75.48 2200.00
1366.00 75.79 2200.00
1367.00 76.10 2200.00
1368.00 76.41 2200.00
1369.00 76.72 2200.00
1370.00 77.03 2200.00
1371.00 77.34 2200.00
1372.00 77.65 2200.00
1373.00 77.97 2200.00
1374.00 78.28 2200.00
1375.00 78.59 2200.00
1376.00 78.90 2200.00
1377.00 79.22 2200.00
1378.00 79.53 2200.00
1379.00 79.84 2200.00
1380.00 80.16 2200.00
1381.00 80.47 2200.00
1382.00 80.78 2200.00
1383.00 81.10 2200.00
1384.00 81.41 2200.00
1385.00 81.73 2200.00
1386.00 82.04 2200.00
1387.00 82.36 2200.00
1388.00 82.67 2200.00
1389.00 82.99 2200.00
1390.00 83.30 2200.00
1391.00 83.62 2200.00
1392.00 83.94 2200.00
1393.00 84.25 2200.00
1394.00 84.57 2200.00
1395.00 84.89 2200.00
1396.00 85.20 2200.00
1397.00 85.52 2200.00
1398.00 85.84 2200.00
1399.00 86.16 2200.00
1400.00 86.47 2200.00
1401.00 86.79 2200.00
1402.00 87.11 2200.00
1403.00 87.43 2200.00
1404.00 87.75 2200.00
1405.00 88.07 2200.00
1406.00 88.39 2200.00
1407.00 88.71 2200.00
1408.00 89.03 2200.00
1409.00 89.35 2200.00
1410.00 89.67 2200.00
1411.00 89.99 2200.00
1412.00 90.31 2200.00
1413.00 90.63 2200.00
1414.00 90.95 2200.00
1415.00 91.27 2200.00
1416.00 91.59 2200.00
1417.00 91.92 2200.00
1418.00 92.24 2200.00
1419.00 92.56 2200.00
1420.00 92.88 2200.00
1421.00 93.21 2200.00
1422.00 93.53 2200.00
1423.00 93.85 2200.00
1424.00 94.18 2200.00
1425.00 94.50 2200.00
1426.00 94.82 2200.00
1427.00 95.15 2200.00
1428.00 95.47 2200.00
1429.00 95.80 2200.00
1430.00 96.12 2200.00
1431.00 96.45 2200.00
1432.00 96.77 2200.00
1433.00 97.10 2200.00
1434.00 97.42 2200.00
1435.00 97.75 2200.00
1436.00 98.08 2200.00
1437.00 98.40 2200.00
1438.00 98.73 2200.00
1439.00 99.06 2200.00
1440.00 99.38 2200.00
1441.00 99.71 2200.00
1442.00 0.00 0.00
1642.00 0.00 2400.00
1643.00 0.34 2400.00
1644.00 0.68 2400.00
1645.00 1.03 2400.00
1646.00 1.37 2400.00
1647.00 1.71 2400.00
1648.00 2.06 2400.00
1649.00 2.40 2400.00
1650.00 2.74 2400.00
1651.00 3.09 2400.00
1652.00 3.43 2400.00
1653.00 3.78 2400.00
1654.00 4.12 2400.00
1655.00 4.46 2400.00
1656.00 4.81 2400.00
1657.00 5.15 2400.00
1658.00 5.50 2400.00
1659.00 5.85 2400.00
1660.00 6.19 2400.00
1661.00 6.54 2400.00
1662.00 6.88 2400.00
1663.00 7.23 2400.00
1664.00 7.58 2400.00
1665.00 7.92 2400.00
1666.00 8.27 2400.00
1667.00 8.62 2400.00
1668.00 8.96 2400.00
1669.00 9.31 2400.00
1670.00 9.66 2400.00
1671.00 10.01 2400.00
1672.00 10.36 2400.00
1673.00 10.70 2400.00
1674.00 11.05 2400.00
1675.00 11.40 2400.00
1676.00 11.75 2400.00
1677.00 12.10 2400.00
1678.00 12.45 2400.00
1679.00 12.80 2400.00
1680.00 13.15 2400.00
1681.00 13.50 2400.00
1682.00 13.85 2400.00
1683.00 14.20 2400.00
1684.00 14.55 2400.00
1685.00 14.90 2400.00
1686.00 15.25 2400.00
1687.00 15.60 2400.00
1688.00 15.96 2400.00
1689.00 16.31 2400.00
1690.00 16.66 2400.00
1691.00 17.01 2400.00
1692.00 17.36 2400.00
1693.00 17.72 2400.00
1694.00 18.07 2400.00
1695.00 18.42 2400.00
1696.00 18.78 2400.00
1697.00 19.13 2400.00
1698.00 19.48 2400.00
1699.00 19.84 2400.00
1700.00 20.19 2400.00
1701.00 20.55 2400.00
1702.00 20.90 2400.00
1703.00 21.25 2400.00
1704.00 21.61 2400.00
1705.00 21.96 2400.00
1706.00 22.32 2400.00
1707.00 22.68 2400.00
1708.00 23.03 2400.00
1709.00 23.39 2400.00
1710.00 23.74 2400.00
1711.00 24.10 2400.00
1712.00 24.46 2400.00
1713.00 24.81 2400.00
1714.00 25.17 2400.00
1715.00 25.53 2400.00
1716.00 25.88 2400.00
1717.00 26.24 2400.00
1718.00 26.60 2400.00
1719.00 26.96 2400.00
1720.00 27.32 2400.00
1721.00 27.67 2400.00
1722.00 28.03 2400.00
1723.00 28.39 2400.00
1724.00 28.75 2400.00
1725.00 29.11 2400.00
1726.00 29.47 2400.00
1727.00 29.83 2400.00
1728.00 30.19 2400.00
1729.00 30.55 2400.00
1730.00 30.91 2400.00
1731.00 31.27 2400.00
1732.00 31.63 2400.00
1733.00 31.99 2400.00
1734.00 32.35 2400.00
1735.00 32.71 2400.00
1736.00 33.08 2400.00
1737.00 33.44 2400.00
1738.00 33.80 2400.00
1739.00 34.16 2400.00
1740.00 34.52 2400.00
1741.00 34.89 2400.00
1742.00 35.25 2400.00
1743.00 35.61 2400.00
1744.00 35.98 2400.00
1745.00 36.34 2400.00
1746.00 36.70 2400.00
1747.00 37.07 2400.00
1748.00 37.43 2400.00
1749.00 37.80 2400.00
1750.00 38.16 2400.00
1751.00 38.52 2400.00
1752.00 38.89 2400.00
1753.00 39.25 2400.00
1754.00 39.62 2400.00
1755.00 39.99 2400.00
1756.00 40.35 2400.00
1757.00 40.72 2400.00
1758.00 41.08 2400.00
1759.00 41.45 2400.00
1760.00 41.82 2400.00
1761.00 42.18 2400.00
1762.00 42.55 2400.00
1763.00 42.92 2400.00
1764.00 43.28 2400.00
1765.00 43.65 2400.00
1766.00 44.02 2400.00
1767.00 44.39 2400.00
1768.00 44.76 2400.00
1769.00 45.12 2400.00
1770.00 45.49 2400.00
1771.00 45.86 2400.00
1772.00 46.23 2400.00
1773.00 46.60 2400.00
1774.00 46.97 2400.00
1775.00 47.34 2400.00
1776.00 47.71 2400.00
1777.00 48.08 2400.00
1778.00 48.45 2400.00
1779.00 48.82 2400.00
1780.00 49.19 2400.00
1781.00 49.56 2400.00
1782.00 49.93 2400.00
1783.00 50.30 2400.00
1784.00 50.68 2400.00
1785.00 51.05 2400.00
1786.00 51.42 2400.00
1787.00 51.79 2400.00
1788.00 52.16 2400.00
1789.00 52.54 2400.00
1790.00 52.91 2400.00
1791.00 53.28 2400.00
1792.00 53.66 2400.00
1793.00 54.03 2400.00
1794.00 54.40 2400.00
1795.00 54.78 2400.00
1796.00 55.15 2400.00
1797.00 55.53 2400.00
1798.00 55.90 2400.00
1799.00 56.27 2400.00
1800.00 56.65 2400.00
1801.00 57.02 2400.00
1802.00 57.40 2400.00
1803.00 57.78 2400.00
1804.00 58.15 2400.00
1805.00 58.53 2400.00
1806.00 58.90 2400.00
1807.00 59.28 2400.00
1808.00 59.66 2400.00
1809.00 60.03 2400.00
1810.00 60.41 2400.00
1811.00 60.79 2400.00
1812.00 61.16 2400.00
1813.00 61.54 2400.00
1814.00 61.92 2400.00
1815.00 62.30 2400.00
1816.00 62.68 2400.00
1817.00 63.05 2400.00
1818.00 63.43 2400.00
1819.00 63.81 2400.00
1820.00 64.19 2400.00
1821.00 64.57 2400.00
1822.00 64.95 2400.00
1823.00 65.33 2400.00
1824.00 65.71 2400.00
1825.00 66.09 2400.00
1826.00 66.47 2400.00
1827.00 66.85 2400.00
1828.00 67.23 2400.00
1829.00 67.61 2400.00
1830.00 67.99 2400.00
1831.00 68.37 2400.00
1832.00 68.76 2400.00
1833.00 69.14 2400.00
1834.00 69.52 2400.00
1835.00 69.90 2400.00
1836.00 70.28 2400.00
1837.00 70.67 2400.00
1838.00 71.05 2400.00
1839.00 71.43 2400.00
1840.00 71.82 2400.00
1841.00 72.20 2400.00
1842.00 72.58 2400.00
1843.00 72.97 2400.00
1844.00 73.35 2400.00
1845.00 73.74 2400.00
1846.00 74.12 2400.00
1847.00 74.50 2400.00
1848.00 74.89 2400.00
1849.00 75.27 2400.00
1850.00 75.66 2400.00
1851.00 76.05 2400.00
1852.00 76.43 2400.00
1853.00 76.82 2400.00
1854.00 77.20 2400.00
1855.00 77.59 2400.00
1856.00 77.98 2400.00
1857.00 78.36 2400.00
1858.00 78.75 2400.00
1859.00 79.14 2400.00
1860.00 79.52 2400.00
1861.00 79.91 2400.00
1862.00 80.30 2400.00
1863.00 80.69 2400.00
1864.00 81.08 2400.00
1865.00 81.46 2400.00
1866.00 81.85 2400.00
1867.00 82.24 2400.00
1868.00 82.63 2400.00
1869.00 83.02 2400.00
1870.00 83.41 2400.00
1871.00 83.80 2400.00
1872.00 84.19 2400.00
1873.00 84.58 2400.00
1874.00 84.97 2400.00
1875.00 85.36 2400.00
1876.00 85.75 2400.00
1877.00 86.14 2400.00
1878.00 86.53 2400.00
1879.00 86.92 2400.00
1880.00 87.32 2400.00
1881.00 87.71 2400.00
1882.00 88.10 2400.00
1883.00 88.49 2400.00
1884.00 88.88 2400.00
1885.00 89.28 2400.00
1886.00 89.67 2400.00
1887.00 90.06 2400.00
1888.00 90.46 2400.00
1889.00 90.85 2400.00
1890.00 91.24 2400.00
1891.00 91.64 2400.00
1892.00 92.03 2400.00
1893.00 92.43 2400.00
1894.00 92.82 2400.00
1895.00 93.21 2400.00
1896.00 93.61 2400.00
1897.00 94.00 2400.00
1898.00 94.40 2400.00
1899.00 94.80 2400.00
1900.00 95.19 2400.00
1901.00 95.59 2400.00
1902.00 95.98 2400.00
1903.00 96.38 2400.00
1904.00 96.78 2400.00
1905.00 97.17 2400.00
1906.00 97.57 2400.00
1907.00 97.97 2400.00
1908.00 98.36 2400.00
1909.00 98.76 2400.00
1910.00 99.16 2400.00
1911.00 99.56 2400.00
1912.00 99.96 2400.00
1913.00 0.00 0.00
2113.00 0.00 2600.00
2114.00 0.41 2600.00
2115.00 0.81 2600.00
2116.00 1.22 2600.00
2117.00 1.63 2600.00
2118.00 2.03 2600.00
2119.00 2.44 2600.00
2120.00 2.85 2600.00
2121.00 3.26 2600.00
2122.00 3.66 2600.00
2123.00 4.07 2600.00
2124.00 4.48 2600.00
2125.00 4.89 2600.00
2126.00 5.30 2600.00
2127.00 5.71 2600.00
2128.00 6.12 2600.00
2129.00 6.53 2600.00
2130.00 6.94 2600.00
2131.00 7.35 2600.00
2132.00 7.76 2600.00
2133.00 8.17 2600.00
2134.00 8.58 2600.00
2135.00 8.99 2600.00
2136.00 9.40 2600.00
2137.00 9.81 2600.00
2138.00 10.22 2600.00
2139.00 10.63 2600.00
2140.00 11.04 2600.00
2141.00 11.45 2600.00
2142.00 11.86 2600.00
2143.00 12.28 2600.00
2144.00 12.69 2600.00
2145.00 13.10 2600.00
2146.00 13.51 2600.00
2147.00 13.93 2600.00
2148.00 14.34 2600.00
2149.00 14.75 2600.00
2150.00 15.17 2600.00
2151.00 15.58 2600.00
2152.00 15.99 2600.00
2153.00 16.41 2600.00
2154.00 16.82 2600.00
2155.00 17.24 2600.00
2156.00 17.65 2600.00
2157.00 18.07 2600.00
2158.00 18.48 2600.00
2159.00 18.90 2600.00
2160.00 19.31 2600.00
2161.00 19.73 2600.00
2162.00 20.14 2600.00
2163.00 20.56 2600.00
2164.00 20.97 2600.00
2165.00 21.39 2600.00
2166.00 21.81 2600.00
2167.00 22.22 2600.00
2168.00 22.64 2600.00
2169.00 23.06 2600.00
2170.00 23.47 2600.00
2171.00 23.89 2600.00
2172.00 24.31 2600.00
2173.00 24.73 2600.00
2174.00 25.14 2600.00
2175.00 25.56 2600.00
2176.00 25.98 2600.00
2177.00 26.40 2600.00
2178.00 26.82 2600.00
2179.00 27.24 2600.00
2180.00 27.66 2600.00
2181.00 28.08 2600.00
2182.00 28.50 2600.00
2183.00 28.92 2600.00
2184.00 29.34 2600.00
2185.00 29.76 2600.00
2186.00 30.18 2600.00
2187.00 30.60 2600.00
2188.00 31.02 2600.00
2189.00 31.44 2600.00
2190.00 31.86 2600.00
2191.00 32.28 2600.00
2192.00 32.70 2600.00
2193.00 33.12 2600.00
2194.00 33.54 2600.00
2195.00 33.97 2600.00
2196.00 34.39 2600.00
2197.00 34.81 2600.00
2198.00 35.23 2600.00
2199.00 35.66 2600.00
2200.00 36.08 2600.00
2201.00 36.50 2600.00
2202.00 36.93 2600.00
2203.00 37.35 2600.00
2204.00 37.77 2600.00
2205.00 38.20 2600.00
2206.00 38.62 2600.00
2207.00 39.05 2600.00
2208.00 39.47 2600.00
2209.00 39.90 2600.00
2210.00 40.32 2600.00
2211.00 40.75 2600.00
2212.00 41.17 2600.00
2213.00 41.60 2600.00
2214.00 42.02 2600.00
2215.00 42.45 2600.00
2216.00 42.87 2600.00
2217.00 43.30 2600.00
2218.00 43.73 2600.00
2219.00 44.15 2600.00
2220.00 44.58 2600.00
2221.00 45.01 2600.00
2222.00 45.43 2600.00
2223.00 45.86 2600.00
2224.00 46.29 2600.00
2225.00 46.72 2600.00
2226.00 47.14 2600.00
2227.00 47.57 2600.00
2228.00 48.00 2600.00
2229.00 48.43 2600.00
2230.00 48.86 2600.00
2231.00 49.29 2600.00
2232.00 49.72 2600.00
2233.00 50.15 2600.00
2234.00 50.58 2600.00
2235.00 51.01 2600.00
2236.00 51.44 2600.00
2237.00 51.87 2600.00
2238.00 52.30 2600.00
2239.00 52.73 2600.00
2240.00 53.16 2600.00
2241.00 53.59 2600.00
2242.00 54.02 2600.00
2243.00 54.45 2600.00
2244.00 54.88 2600.00
2245.00 55.31 2600.00
2246.00 55.74 2600.00
2247.00 56.18 2600.00
2248.00 56.61 2600.00
2249.00 57.04 2600.00
2250.00 57.47 2600.00
2251.00 57.91 2600.00
2252.00 58.34 2600.00
2253.00 58.77 2600.00
2254.00 59.21 2600.00
2255.00 59.64 2600.00
2256.00 60.07 2600.00
2257.00 60.51 2600.00
2258.00 60.94 2600.00
2259.00 61.38 2600.00
2260.00 61.81 2600.00
2261.00 62.25 2600.00
2262.00 62.68 2600.00
2263.00 63.12 2600.00
2264.00 63.55 2600.00
2265.00 63.99 2600.00
2266.00 64.42 2600.00
2267.00 64.86 2600.00
2268.00 65.29 2600.00
2269.00 65.73 2600.00
2270.00 66.17 2600.00
2271.00 66.60 2600.00
2272.00 67.04 2600.00
2273.00 67.48 2600.00
2274.00 67.91 2600.00
2275.00 68.35 2600.00
2276.00 68.79 2600.00
2277.00 69.23 2600.00
2278.00 69.66 2600.00
2279.00 70.10 2600.00
2280.00 70.54 2600.00
2281.00 70.98 2600.00
2282.00 71.42 2600.00
2283.00 71.86 2600.00
2284.00 72.30 2600.00
2285.00 72.74 2600.00
2286.00 73.18 2600.00
2287.00 73.62 2600.00
2288.00 74.06 2600.00
2289.00 74.50 2600.00
2290.00 74.94 2600.00
2291.00 75.38 2600.00
2292.00 75.82 2600.00
2293.00 76.26 2600.00
2294.00 76.70 2600.00
2295.00 77.14 2600.00
2296.00 77.58 2600.00
2297.00 78.02 2600.00
2298.00 78.46 2600.00
2299.00 78.91 2600.00
2300.00 79.35 2600.00
2301.00 79.79 2600.00
2302.00 80.23 2600.00
2303.00 80.68 2600.00
2304.00 81.12 2600.00
2305.00 81.56 2600.00
2306.00 82.01 2600.00
2307.00 82.45 2600.00
2308.00 82.89 2600.00
2309.00 83.34 2600.00
2310.00 83.78 2600.00
2311.00 84.23 2600.00
2312.00 84.67 2600.00
2313.00 85.12 2600.00
2314.00 85.56 2600.00
2315.00 86.01 2600.00
2316.00 86.45 2600.00
2317.00 86.90 2600.00
2318.00 87.34 2600.00
2319.00 87.79 2600.00
2320.00 88.23 2600.00
2321.00 88.68 2600.00
2322.00 89.13 2600.00
2323.00 89.57 2600.00
2324.00 90.02 2600.00
2325.00 90.47 2600.00
2326.00 90.91 2600.00
2327.00 91.36 2600.00
2328.00 91.81 2600.00
2329.00 92.26 2600.00
2330.00 92.70 2600.00
2331.00 93.15 2600.00
2332.00 93.60 2600.00
2333.00 94.05 2600.00
2334.00 94.50 2600.00
2335.00 94.95 2600.00
2336.00 95.40 2600.00
2337.00 95.85 2600.00
2338.00 96.30 2600.00
2339.00 96.75 2600.00
2340.00 97.20 2600.00
2341.00 97.65 2600.00
2342.00 98.10 2600.00
2343.00 98.55 2600.00
2344.00 99.00 2600.00
2345.00 99.45 2600.00
2346.00 99.90 2600.00
2347.00 0.00 0.00
2547.00 0.00 2800.00
2548.00 0.45 2800.00
2549.00 0.91 2800.00
2550.00 1.37 2800.00
2551.00 1.82 2800.00
2552.00 2.28 2800.00
2553.00 2.73 2800.00
2554.00 3.19 2800.00
2555.00 3.64 2800.00
2556.00 4.10 2800.00
2557.00 4.56 2800.00
2558.00 5.01 2800.00
2559.00 5.47 2800.00
2560.00 5.93 2800.00
2561.00 6.39 2800.00
2562.00 6.84 2800.00
2563.00 7.30 2800.00
2564.00 7.76 2800.00
2565.00 8.22 2800.00
2566.00 8.67 2800.00
2567.00 9.13 2800.00
2568.00 9.59 2800.00
2569.00 10.05 2800.00
2570.00 10.51 2800.00
2571.00 10.97 2800.00
2572.00 11.43 2800.00
2573.00 11.89 2800.00
2574.00 12.35 2800.00
2575.00 12.81 2800.00
2576.00 13.26 2800.00
2577.00 13.73 2800.00
2578.00 14.19 2800.00
2579.00 14.65 2800.00
2580.00 15.11 2800.00
2581.00 15.57 2800.00
2582.00 16.03 2800.00
2583.00 16.49 2800.00
2584.00 16.95 2800.00
2585.00 17.41 2800.00
2586.00 17.87 2800.00
2587.00 18.34 2800.00
2588.00 18.80 2800.00
2589.00 19.26 2800.00
2590.00 19.72 2800.00
2591.00 20.19 2800.00
2592.00 20.65 2800.00
2593.00 21.11 2800.00
2594.00 21.57 2800.00
2595.00 22.04 2800.00
2596.00 22.50 2800.00
2597.00 22.96 2800.00
2598.00 23.43 2800.00
2599.00 23.89 2800.00
2600.00 24.36 2800.00
2601.00 24.82 2800.00
2602.00 25.29 2800.00
2603.00 25.75 2800.00
2604.00 26.21 2800.00
2605.00 26.68 2800.00
2606.00 27.15 2800.00
2607.00 27.61 2800.00
2608.00 28.08 2800.00
2609.00 28.54 2800.00
2610.00 29.01 2800.00
2611.00 29.47 2800.00
2612.00 29.94 2800.00
2613.00 30.41 2800.00
2614.00 30.87 2800.00
2615.00 31.34 2800.00
2616.00 31.81 2800.00
2617.00 32.28 2800.00
2618.00 32.74 2800.00
2619.00 33.21 2800.00
2620.00 33.68 2800.00
2621.00 34.15 2800.00
2622.00 34.61 2800.00
2623.00 35.08 2800.00
2624.00 35.55 2800.00
2625.00 36.02 2800.00
2626.00 36.49 2800.00
2627.00 36.96 2800.00
2628.00 37.43 2800.00
2629.00 37.90 2800.00
2630.00 38.37 2800.00
2631.00 38.84 2800.00
2632.00 39.30 2800.00
2633.00 39.78 2800.00
2634.00 40.25 2800.00
2635.00 40.72 2800.00
2636.00 41.19 2800.00
2637.00 41.66 2800.00
2638.00 42.13 2800.00
2639.00 42.60 2800.00
2640.00 43.07 2800.00
2641.00 43.54 2800.00
2642.00 44.01 2800.00
2643.00 44.49 2800.00
2644.00 44.96 2800.00
2645.00 45.43 2800.00
2646.00 45.90 2800.00
2647.00 46.38 2800.00
2648.00 46.85 2800.00
2649.00 47.32 2800.00
2650.00 47.79 2800.00
2651.00 48.27 2800.00
2652.00 48.74 2800.00
2653.00 49.21 2800.00
2654.00 49.69 2800.00
2655.00 50.16 2800.00
2656.00 50.64 2800.00
2657.00 51.11 2800.00
2658.00 51.59 2800.00
2659.00 52.06 2800.00
2660.00 52.53 2800.00
2661.00 53.01 2800.00
2662.00 53.49 2800.00
2663.00 53.96 2800.00
2664.00 54.44 2800.00
2665.00 54.91 2800.00
2666.00 55.39 2800.00
2667.00 55.86 2800.00
2668.00 56.34 2800.00
2669.00 56.82 2800.00
2670.00 57.29 2800.00
2671.00 57.77 2800.00
2672.00 58.25 2800.00
2673.00 58.73 2800.00
2674.00 59.20 2800.00
2675.00 59.68 2800.00
2676.00 60.16 2800.00
2677.00 60.64 2800.00
2678.00 61.11 2800.00
2679.00 61.59 2800.00
2680.00 62.07 2800.00
2681.00 62.55 2800.00
2682.00 63.03 2800.00
2683.00 63.51 2800.00
2684.00 63.99 2800.00
2685.00 64.47 2800.00
2686.00 64.95 2800.00
2687.00 65.43 2800.00
2688.00 65.90 2800.00
2689.00 66.39 2800.00
2690.00 66.87 2800.00
2691.00 67.35 2800.00
2692.00 67.83 2800.00
2693.00 68.31 2800.00
2694.00 68.79 2800.00
2695.00 69.27 2800.00
2696.00 69.75 2800.00
2697.00 70.23 2800.00
2698.00 70.71 2800.00
2699.00 71.20 2800.00
2700.00 71.68 2800.00
2701.00 72.16 2800.00
2702.00 72.64 2800.00
2703.00 73.13 2800.00
2704.00 73.61 2800.00
2705.00 74.09 2800.00
2706.00 74.57 2800.00
2707.00 75.06 2800.00
2708.00 75.54 2800.00
2709.00 76.02 2800.00
2710.00 76.51 2800.00
2711.00 76.99 2800.00
2712.00 77.48 2800.00
2713.00 77.96 2800.00
2714.00 78.45 2800.00
2715.00 78.93 2800.00
2716.00 79.41 2800.00
2717.00 79.90 2800.00
2718.00 80.39 2800.00
2719.00 80.87 2800.00
2720.00 81.36 2800.00
2721.00 81.84 2800.00
2722.00 82.33 2800.00
2723.00 82.81 2800.00
2724.00 83.30 2800.00
2725.00 83.79 2800.00
2726.00 84.27 2800.00
2727.00 84.76 2800.00
2728.00 85.25 2800.00
2729.00 85.74 2800.00
2730.00 86.22 2800.00
2731.00 86.71 2800.00
2732.00 87.20 2800.00
2733.00 87.69 2800.00
2734.00 88.17 2800.00
2735.00 88.66 2800.00
2736.00 89.15 2800.00
2737.00 89.64 2800.00
2738.00 90.13 2800.00
2739.00 90.62 2800.00
2740.00 91.11 2800.00
2741.00 91.60 2800.00
2742.00 92.09 2800.00
2743.00 92.58 2800.00
2744.00 93.06 2800.00
2745.00 93.56 2800.00
2746.00 94.05 2800.00
2747.00 94.54 2800.00
2748.00 95.03 2800.00
2749.00 95.52 2800.00
2750.00 96.01 2800.00
2751.00 96.50 2800.00
2752.00 96.99 2800.00
2753.00 97.48 2800.00
2754.00 97.97 2800.00
2755.00 98.47 2800.00
2756.00 98.96 2800.00
2757.00 99.45 2800.00
2758.00 99.94 2800.00
2759.00 0.00 0.00
2959.00 0.00 3000.00
2960.00 0.49 3000.00
2961.00 0.99 3000.00
2962.00 1.48 3000.00
2963.00 1.97 3000.00
2964.00 2.47 3000.00
2965.00 2.96 3000.00
2966.00 3.46 3000.00
2967.00 3.95 3000.00
2968.00 4.45 3000.00
2969.00 4.94 3000.00
2970.00 5.43 3000.00
2971.00 5.93 3000.00
2972.00 6.43 3000.00
2973.00 6.92 3000.00
2974.00 7.42 3000.00
2975.00 7.91 3000.00
2976.00 8.41 3000.00
2977.00 8.90 3000.00
2978.00 9.40 3000.00
2979.00 9.90 3000.00
2980.00 10.39 3000.00
2981.00 10.89 3000.00
2982.00 11.39 3000.00
2983.00 11.88 3000.00
2984.00 12.38 3000.00
2985.00 12.88 3000.00
2986.00 13.38 3000.00
2987.00 13.87 3000.00
2988.00 14.37 3000.00
2989.00 14.87 3000.00
2990.00 15.37 3000.00
2991.00 15.87 3000.00
2992.00 16.37 3000.00
2993.00 16.86 3000.00
2994.00 17.36 3000.00
2995.00 17.86 3000.00
2996.00 18.36 3000.00
2997.00 18.86 3000.00
2998.00 19.36 3000.00
2999.00 19.86 3000.00
3000.00 20.36 3000.00
3001.00 20.86 3000.00
3002.00 21.36 3000.00
3003.00 21.86 3000.00
3004.00 22.36 3000.00
3005.00 22.86 3000.00
3006.00 23.36 3000.00
3007.00 23.86 3000.00
3008.00 24.37 3000.00
3009.00 24.87 3000.00
3010.00 25.37 3000.00
3011.00 25.87 3000.00
3012.00 26.37 3000.00
3013.00 26.87 3000.00
3014.00 27.38 3000.00
3015.00 27.88 3000.00
3016.00 28.38 3000.00
3017.00 28.88 3000.00
3018.00 29.39 3000.00
3019.00 29.89 3000.00
3020.00 30.39 3000.00
3021.00 30.90 3000.00
3022.00 31.40 3000.00
3023.00 31.90 3000.00
3024.00 32.41 3000.00
3025.00 32.91 3000.00
3026.00 33.42 3000.00
3027.00 33.92 3000.00
3028.00 34.43 3000.00
3029.00 34.93 3000.00
3030.00 35.43 3000.00
3031.00 35.94 3000.00
3032.00 36.45 3000.00
3033.00 36.95 3000.00
3034.00 37.46 3000.00
3035.00 37.96 3000.00
3036.00 38.47 3000.00
3037.00 38.97 3000.00
3038.00 39.48 3000.00
3039.00 39.99 3000.00
3040.00 40.49 3000.00
3041.00 41.00 3000.00
3042.00 41.51 3000.00
3043.00 42.01 3000.00
3044.00 42.52 3000.00
3045.00 43.03 3000.00
3046.00 43.54 3000.00
3047.00 44.04 3000.00
3048.00 44.55 3000.00
3049.00 45.06 3000.00
3050.00 45.57 3000.00
3051.00 46.08 3000.00
3052.00 46.59 3000.00
3053.00 47.09 3000.00
3054.00 47.60 3000.00
3055.00 48.11 3000.00
3056.00 48.62 3000.00
3057.00 49.13 3000.00
3058.00 49.64 3000.00
3059.00 50.15 3000.00
3060.00 50.66 3000.00
3061.00 51.17 3000.00
3062.00 51.68 3000.00
3063.00 52.19 3000.00
3064.00 52.70 3000.00
3065.00 53.21 3000.00
3066.00 53.72 3000.00
3067.00 54.23 3000.00
3068.00 54.75 3000.00
3069.00 55.26 3000.00
3070.00 55.77 3000.00
3071.00 56.28 3000.00
3072.00 56.79 3000.00
3073.00 57.30 3000.00
3074.00 57.82 3000.00
3075.00 58.33 3000.00
3076.00 58.84 3000.00
3077.00 59.35 3000.00
3078.00 59.87 3000.00
3079.00 60.38 3000.00
3080.00 60.89 3000.00
3081.00 61.41 3000.00
3082.00 61.92 3000.00
3083.00 62.43 3000.00
3084.00 62.95 3000.00
3085.00 63.46 3000.00
3086.00 63.98 3000.00
3087.00 64.49 3000.00
3088.00 65.01 3000.00
3089.00 65.52 3000.00
3090.00 66.03 3000.00
3091.00 66.55 3000.00
3092.00 67.07 3000.00
3093.00 67.58 3000.00
3094.00 68.10 3000.00
3095.00 68.61 3000.00
3096.00 69.13 3000.00
3097.00 69.64 3000.00
3098.00 70.16 3000.00
3099.00 70.68 3000.00
3100.00 71.19 3000.00
3101.00 71.71 3000.00
3102.00 72.23 3000.00
3103.00 72.74 3000.00
3104.00 73.26 3000.00
3105.00 73.78 3000.00
3106.00 74.30 3000.00
3107.00 74.81 3000.00
3108.00 75.33 3000.00
3109.00 75.85 3000.00
3110.00 76.37 3000.00
3111.00 76.89 3000.00
3112.00 77.41 3000.00
3113.00 77.92 3000.00
3114.00 78.44 3000.00
3115.00 78.96 3000.00
3116.00 79.48 3000.00
3117.00 80.00 3000.00
3118.00 80.52 3000.00
3119.00 81.04 3000.00
3120.00 81.56 3000.00
3121.00 82.08 3000.00
3122.00 82.60 3000.00
3123.00 83.12 3000.00
3124.00 83.64 3000.00
3125.00 84.16 3000.00
3126.00 84.68 3000.00
3127.00 85.20 3000.00
3128.00 85.73 3000.00
3129.00 86.25 3000.00
3130.00 86.77 3000.00
3131.00 87.29 3000.00
3132.00 87.81 3000.00
3133.00 88.33 3000.00
3134.00 88.86 3000.00
3135.00 89.38 3000.00
3136.00 89.90 3000.00
3137.00 90.42 3000.00
3138.00 90.95 3000.00
3139.00 91.47 3000.00
3140.00 91.99 3000.00
3141.00 92.52 3000.00
3142.00 93.04 3000.00
3143.00 93.56 3000.00
3144.00 94.09 3000.00
3145.00 94.61 3000.00
3146.00 95.14 3000.00
3147.00 95.66 3000.00
3148.00 96.19 3000.00
3149.00 96.71 3000.00
3150.00 97.23 3000.00
3151.00 97.76 3000.00
3152.00 98.29 3000.00
3153.00 98.81 3000.00
3154.00 99.34 3000.00
3155.00 99.86 3000.00
3156.00 0.00 0.00
3356.00 0.00 3200.00
3357.00 0.52 3200.00
3358.00 1.05 3200.00
3359.00 1.57 3200.00
3360.00 2.10 3200.00
3361.00 2.62 3200.00
3362.00 3.15 3200.00
3363.00 3.67 3200.00
3364.00 4.20 3200.00
3365.00 4.73 3200.00
3366.00 5.25 3200.00
3367.00 5.78 3200.00
3368.00 6.30 3200.00
3369.00 6.83 3200.00
3370.00 7.36 3200.00
3371.00 7.88 3200.00
3372.00 8.41 3200.00
3373.00 8.94 3200.00
3374.00 9.46 3200.00
3375.00 9.99 3200.00
3376.00 10.52 3200.00
3377.00 11.05 3200.00
3378.00 11.57 3200.00
3379.00 12.10 3200.00
3380.00 12.63 3200.00
3381.00 13.16 3200.00
3382.00 13.69 3200.00
3383.00 14.22 3200.00
3384.00 14.74 3200.00
3385.00 15.27 3200.00
3386.00 15.80 3200.00
3387.00 16.33 3200.00
3388.00 16.86 3200.00
3389.00 17.39 3200.00
3390.00 17.92 3200.00
3391.00 18.45 3200.00
3392.00 18.98 3200.00
3393.00 19.51 3200.00
3394.00 20.04 3200.00
3395.00 20.57 3200.00
3396.00 21.10 3200.00
3397.00 21.63 3200.00
3398.00 22.16 3200.00
3399.00 22.69 3200.00
3400.00 23.22 3200.00
3401.00 23.76 3200.00
3402.00 24.29 3200.00
3403.00 24.82 3200.00
3404.00 25.35 3200.00
3405.00 25.88 3200.00
3406.00 26.41 3200.00
3407.00 26.95 3200.00
3408.00 27.48 3200.00
3409.00 28.01 3200.00
3410.00 28.54 3200.00
3411.00 29.08 3200.00
3412.00 29.61 3200.00
3413.00 30.14 3200.00
3414.00 30.68 3200.00
3415.00 31.21 3200.00
3416.00 31.74 3200.00
3417.00 32.28 3200.00
3418.00 32.81 3200.00
3419.00 33.35 3200.00
3420.00 33.88 3200.00
3421.00 34.41 3200.00
3422.00 34.95 3200.00
3423.00 35.48 3200.00
3424.00 36.02 3200.00
3425.00 36.55 3200.00
3426.00 37.09 3200.00
3427.00 37.62 3200.00
3428.00 38.16 3200.00
3429.00 38.70 3200.00
3430.00 39.23 3200.00
3431.00 39.77 3200.00
3432.00 40.30 3200.00
3433.00 40.84 3200.00
3434.00 41.38 3200.00
3435.00 41.91 3200.00
3436.00 42.45 3200.00
3437.00 42.99 3200.00
3438.00 43.52 3200.00
3439.00 44.06 3200.00
3440.00 44.60 3200.00
3441.00 45.14 3200.00
3442.00 45.67 3200.00
3443.00 46.21 3200.00
3444.00 46.75 3200.00
3445.00 47.29 3200.00
3446.00 47.83 3200.00
3447.00 48.37 3200.00
3448.00 48.90 3200.00
3449.00 49.44 3200.00
3450.00 49.98 3200.00
3451.00 50.52 3200.00
3452.00 51.06 3200.00
3453.00 51.60 3200.00
3454.00 52.14 3200.00
3455.00 52.68 3200.00
3456.00 53.22 3200.00
3457.00 53.76 3200.00
3458.00 54.30 3200.00
3459.00 54.84 3200.00
3460.00 55.38 3200.00
3461.00 55.92 3200.00
3462.00 56.46 3200.00
3463.00 57.00 3200.00
3464.00 57.54 3200.00
3465.00 58.09 3200.00
3466.00 58.63 3200.00
3467.00 59.17 3200.00
3468.00 59.71 3200.00
3469.00 60.25 3200.00
3470.00 60.79 3200.00
3471.00 61.34 3200.00
3472.00 61.88 3200.00
3473.00 62.42 3200.00
3474.00 62.96 3200.00
3475.00 63.51 3200.00
3476.00 64.05 3200.00
3477.00 64.59 3200.00
3478.00 65.14 3200.00
3479.00 65.68 3200.00
3480.00 66.22 3200.00
3481.00 66.77 3200.00
3482.00 67.31 3200.00
3483.00 67.86 3200.00
3484.00 68.40 3200.00
3485.00 68.94 3200.00
3486.00 69.49 3200.00
3487.00 70.03 3200.00
3488.00 70.58 3200.00
3489.00 71.12 3200.00
3490.00 71.67 3200.00
3491.00 72.21 3200.00
3492.00 72.76 3200.00
3493.00 73.31 3200.00
3494.00 73.85 3200.00
3495.00 74.40 3200.00
3496.00 74.94 3200.00
3497.00 75.49 3200.00
3498.00 76.04 3200.00
3499.00 76.58 3200.00
3500.00 77.13 3200.00
3501.00 77.68 3200.00
3502.00 78.22 3200.00
3503.00 78.77 3200.00
3504.00 79.32 3200.00
3505.00 79.87 3200.00
3506.00 80.41 3200.00
3507.00 80.96 3200.00
3508.00 81.51 3200.00
3509.00 82.06 3200.00
3510.00 82.61 3200.00
3511.00 83.16 3200.00
3512.00 83.70 3200.00
3513.00 84.25 3200.00
3514.00 84.80 3200.00
3515.00 85.35 3200.00
3516.00 85.90 3200.00
3517.00 86.45 3200.00
3518.00 87.00 3200.00
3519.00 87.55 3200.00
3520.00 88.10 3200.00
3521.00 88.65 3200.00
3522.00 89.20 3200.00
3523.00 89.75 3200.00
3524.00 90.30 3200.00
3525.00 90.85 3200.00
3526.00 91.40 3200.00
3527.00 91.95 3200.00
3528.00 92.50 3200.00
3529.00 93.06 3200.00
3530.00 93.61 3200.00
3531.00 94.16 3200.00
3532.00 94.71 3200.00
3533.00 95.26 3200.00
3534.00 95.81 3200.00
3535.00 96.37 3200.00
3536.00 96.92 3200.00
3537.00 97.47 3200.00
3538.00 98.02 3200.00
3539.00 98.58 3200.00
3540.00 99.13 3200.00
3541.00 99.68 3200.00
3542.00 0.00 0.00
3742.00 0.00 3400.00
3743.00 0.55 3400.00
3744.00 1.10 3400.00
3745.00 1.65 3400.00
3746.00 2.20 3400.00
3747.00 2.75 3400.00
3748.00 3.30 3400.00
3749.00 3.86 3400.00
3750.00 4.41 3400.00
3751.00 4.96 3400.00
3752.00 5.51 3400.00
3753.00 6.06 3400.00
3754.00 6.61 3400.00
3755.00 7.17 3400.00
3756.00 7.72 3400.00
3757.00 8.27 3400.00
3758.00 8.82 3400.00
3759.00 9.38 3400.00
3760.00 9.93 3400.00
3761.00 10.48 3400.00
3762.00 11.04 3400.00
3763.00 11.59 3400.00
3764.00 12.14 3400.00
3765.00 12.70 3400.00
3766.00 13.25 3400.00
3767.00 13.80 3400.00
3768.00 14.36 3400.00
3769.00 14.91 3400.00
3770.00 15.47 3400.00
3771.00 16.02 3400.00
3772.00 16.57 3400.00
3773.00 17.13 3400.00
3774.00 17.68 3400.00
3775.00 18.24 3400.00
3776.00 18.79 3400.00
3777.00 19.35 3400.00
3778.00 19.91 3400.00
3779.00 20.46 3400.00
3780.00 21.02 3400.00
3781.00 21.57 3400.00
3782.00 22.13 3400.00
3783.00 22.69 3400.00
3784.00 23.24 3400.00
3785.00 23.80 3400.00
3786.00 24.36 3400.00
3787.00 24.91 3400.00
3788.00 25.47 3400.00
3789.00 26.03 3400.00
3790.00 26.58 3400.00
3791.00 27.14 3400.00
3792.00 27.70 3400.00
3793.00 28.26 3400.00
3794.00 28.81 3400.00
3795.00 29.37 3400.00
3796.00 29.93 3400.00
3797.00 30.49 3400.00
3798.00 31.05 3400.00
3799.00 31.61 3400.00
3800.00 32.16 3400.00
3801.00 32.72 3400.00
3802.00 33.28 3400.00
3803.00 33.84 3400.00
3804.00 34.40 3400.00
3805.00 34.96 3400.00
3806.00 35.52 3400.00
3807.00 36.08 3400.00
3808.00 36.64 3400.00
3809.00 37.20 3400.00
3810.00 37.76 3400.00
3811.00 38.32 3400.00
3812.00 38.88 3400.00
3813.00 39.44 3400.00
3814.00 40.00 3400.00
3815.00 40.56 3400.00
3816.00 41.12 3400.00
3817.00 41.69 3400.00
3818.00 42.25 3400.00
3819.00 42.81 3400.00
3820.00 43.37 3400.00
3821.00 43.93 3400.00
3822.00 44.49 3400.00
3823.00 45.06 3400.00
3824.00 45.62 3400.00
3825.00 46.18 3400.00
3826.00 46.74 3400.00
3827.00 47.31 3400.00
3828.00 47.87 3400.00
3829.00 48.43 3400.00
3830.00 49.00 3400.00
3831.00 49.56 3400.00
3832.00 50.12 3400.00
3833.00 50.69 3400.00
3834.00 51.25 3400.00
3835.00 51.81 3400.00
3836.00 52.38 3400.00
3837.00 52.94 3400.00
3838.00 53.51 3400.00
3839.00 54.07 3400.00
3840.00 54.63 3400.00
3841.00 55.20 3400.00
3842.00 55.76 3400.00
3843.00 56.33 3400.00
3844.00 56.89 3400.00
3845.00 57.46 3400.00
3846.00 58.03 3400.00
3847.00 58.59 3400.00
3848.00 59.16 3400.00
3849.00 59.72 3400.00
3850.00 60.29 3400.00
3851.00 60.86 3400.00
3852.00 61.42 3400.00
3853.00 61.99 3400.00
3854.00 62.56 3400.00
3855.00 63.12 3400.00
3856.00 63.69 3400.00
3857.00 64.26 3400.00
3858.00 64.82 3400.00
3859.00 65.39 3400.00
3860.00 65.96 3400.00
3861.00 66.53 3400.00
3862.00 67.09 3400.00
3863.00 67.66 3400.00
3864.00 68.23 3400.00
3865.00 68.80 3400.00
3866.00 69.37 3400.00
3867.00 69.94 3400.00
3868.00 70.50 3400.00
3869.00 71.07 3400.00
3870.00 71.64 3400.00
3871.00 72.21 3400.00
3872.00 72.78 3400.00
3873.00 73.35 3400.00
3874.00 73.92 3400.00
3875.00 74.49 3400.00
3876.00 75.06 3400.00
3877.00 75.63 3400.00
3878.00 76.20 3400.00
3879.00 76.77 3400.00
3880.00 77.34 3400.00
3881.00 77.91 3400.00
3882.00 78.48 3400.00
3883.00 79.05 3400.00
3884.00 79.62 3400.00
3885.00 80.20 3400.00
3886.00 80.77 3400.00
3887.00 81.34 3400.00
3888.00 81.91 3400.00
3889.00 82.48 3400.00
3890.00 83.05 3400.00
3891.00 83.63 3400.00
3892.00 84.20 3400.00
3893.00 84.77 3400.00
3894.00 85.34 3400.00
3895.00 85.92 3400.00
3896.00 86.49 3400.00
3897.00 87.06 3400.00
3898.00 87.64 3400.00
3899.00 88.21 3400.00
3900.00 88.78 3400.00
3901.00 89.36 3400.00
3902.00 89.93 3400.00
3903.00 90.50 3400.00
3904.00 91.08 3400.00
3905.00 91.65 3400.00
3906.00 92.23 3400.00
3907.00 92.80 3400.00
3908.00 93.37 3400.00
3909.00 93.95 3400.00
3910.00 94.52 3400.00
3911.00 95.10 3400.00
3912.00 95.67 3400.00
3913.00 96.25 3400.00
3914.00 96.83 3400.00
3915.00 97.40 3400.00
3916.00 97.98 3400.00
3917.00 98.55 3400.00
3918.00 99.13 3400.00
3919.00 99.71 3400.00
3920.00 0.00 0.00
4120.00 0.00 3600.00
4121.00 0.57 3600.00
4122.00 1.14 3600.00
4123.00 1.72 3600.00
4124.00 2.29 3600.00
4125.00 2.86 3600.00
4126.00 3.44 3600.00
4127.00 4.01 3600.00
4128.00 4.58 3600.00
4129.00 5.16 3600.00
4130.00 5.73 3600.00
4131.00 6.30 3600.00
4132.00 6.88 3600.00
4133.00 7.45 3600.00
4134.00 8.02 3600.00
4135.00 8.60 3600.00
4136.00 9.17 3600.00
4137.00 9.75 3600.00
4138.00 10.32 3600.00
4139.00 10.90 3600.00
4140.00 11.47 3600.00
4141.00 12.05 3600.00
4142.00 12.62 3600.00
4143.00 13.20 3600.00
4144.00 13.77 3600.00
4145.00 14.35 3600.00
4146.00 14.92 3600.00
4147.00 15.50 3600.00
4148.00 16.08 3600.00
4149.00 16.65 3600.00
4150.00 17.23 3600.00
4151.00 17.81 3600.00
4152.00 18.38 3600.00
4153.00 18.96 3600.00
4154.00 19.54 3600.00
4155.00 20.11 3600.00
4156.00 20.69 3600.00
4157.00 21.27 3600.00
4158.00 21.84 3600.00
4159.00 22.42 3600.00
4160.00 23.00 3600.00
4161.00 23.58 3600.00
4162.00 24.16 3600.00
4163.00 24.73 3600.00
4164.00 25.31 3600.00
4165.00 25.89 3600.00
4166.00 26.47 3600.00
4167.00 27.05 3600.00
4168.00 27.63 3600.00
4169.00 28.21 3600.00
4170.00 28.78 3600.00
4171.00 29.36 3600.00
4172.00 29.94 3600.00
4173.00 30.52 3600.00
4174.00 31.10 3600.00
4175.00 31.68 3600.00
4176.00 32.26 3600.00
4177.00 32.84 3600.00
4178.00 33.42 3600.00
4179.00 34.00 3600.00
4180.00 34.58 3600.00
4181.00 35.16 3600.00
4182.00 35.74 3600.00
4183.00 36.33 3600.00
4184.00 36.91 3600.00
4185.00 37.49 3600.00
4186.00 38.07 3600.00
4187.00 38.65 3600.00
4188.00 39.23 3600.00
4189.00 39.81 3600.00
4190.00 40.40 3600.00
4191.00 40.98 3600.00
4192.00 41.56 3600.00
4193.00 42.14 3600.00
4194.00 42.72 3600.00
4195.00 43.31 3600.00
4196.00 43.89 3600.00
4197.00 44.47 3600.00
4198.00 45.06 3600.00
4199.00 45.64 3600.00
4200.00 46.22 3600.00
4201.00 46.81 3600.00
4202.00 47.39 3600.00
4203.00 47.97 3600.00
4204.00 48.56 3600.00
4205.00 49.14 3600.00
4206.00 49.72 3600.00
4207.00 50.31 3600.00
4208.00 50.89 3600.00
4209.00 51.48 3600.00
4210.00 52.06 3600.00
4211.00 52.65 3600.00
4212.00 53.23 3600.00
4213.00 53.82 3600.00
4214.00 54.40 3600.00
4215.00 54.99 3600.00
4216.00 55.57 3600.00
4217.00 56.16 3600.00
4218.00 56.74 3600.00
4219.00 57.33 3600.00
4220.00 57.92 3600.00
4221.00 58.50 3600.00
4222.00 59.09 3600.00
4223.00 59.68 3600.00
4224.00 60.26 3600.00
4225.00 60.85 3600.00
4226.00 61.44 3600.00
4227.00 62.02 3600.00
4228.00 62.61 3600.00
4229.00 63.20 3600.00
4230.00 63.78 3600.00
4231.00 64.37 3600.00
4232.00 64.96 3600.00
4233.00 65.55 3600.00
4234.00 66.14 3600.00
4235.00 66.72 3600.00
4236.00 67.31 3600.00
4237.00 67.90 3600.00
4238.00 68.49 3600.00
4239.00 69.08 3600.00
4240.00 69.67 3600.00
4241.00 70.26 3600.00
4242.00 70.84 3600.00
4243.00 71.43 3600.00
4244.00 72.02 3600.00
4245.00 72.61 3600.00
4246.00 73.20 3600.00
4247.00 73.79 3600.00
4248.00 74.38 3600.00
4249.00 74.97 3600.00
4250.00 75.56 3600.00
4251.00 76.15 3600.00
4252.00 76.74 3600.00
4253.00 77.33 3600.00
4254.00 77.92 3600.00
4255.00 78.52 3600.00
4256.00 79.11 3600.00
4257.00 79.70 3600.00
4258.00 80.29 3600.00
4259.00 80.88 3600.00
4260.00 81.47 3600.00
4261.00 82.06 3600.00
4262.00 82.66 3600.00
4263.00 83.25 3600.00
4264.00 83.84 3600.00
4265.00 84.43 3600.00
4266.00 85.02 3600.00
4267.00 85.62 3600.00
4268.00 86.21 3600.00
4269.00 86.80 3600.00
4270.00 87.40 3600.00
4271.00 87.99 3600.00
4272.00 88.58 3600.00
4273.00 89.18 3600.00
4274.00 89.77 3600.00
4275.00 90.36 3600.00
4276.00 90.96 3600.00
4277.00 91.55 3600.00
4278.00 92.14 3600.00
4279.00 92.74 3600.00
4280.00 93.33 3600.00
4281.00 93.93 3600.00
4282.00 94.52 3600.00
4283.00 95.12 3600.00
4284.00 95.71 3600.00
4285.00 96.31 3600.00
4286.00 96.90 3600.00
4287.00 97.50 3600.00
4288.00 98.09 3600.00
4289.00 98.69 3600.00
4290.00 99.28 3600.00
4291.00 99.88 3600.00
4292.00 0.00 0.00
4492.00 0.00 3800.00
4493.00 0.59 3800.00
4494.00 1.18 3800.00
4495.00 1.77 3800.00
4496.00 2.37 3800.00
4497.00 2.96 3800.00
4498.00 3.55 3800.00
4499.00 4.14 3800.00
4500.00 4.73 3800.00
4501.00 5.32 3800.00
4502.00 5.92 3800.00
4503.00 6.51 3800.00
4504.00 7.10 3800.00
4505.00 7.69 3800.00
4506.00 8.29 3800.00
4507.00 8.88 3800.00
4508.00 9.47 3800.00
4509.00 10.07 3800.00
4510.00 10.66 3800.00
4511.00 11.25 3800.00
4512.00 11.85 3800.00
4513.00 12.44 3800.00
4514.00 13.03 3800.00
4515.00 13.63 3800.00
4516.00 14.22 3800.00
4517.00 14.82 3800.00
4518.00 15.41 3800.00
4519.00 16.01 3800.00
4520.00 16.60 3800.00
4521.00 17.20 3800.00
4522.00 17.79 3800.00
4523.00 18.39 3800.00
4524.00 18.98 3800.00
4525.00 19.58 3800.00
4526.00 20.17 3800.00
4527.00 20.77 3800.00
4528.00 21.36 3800.00
4529.00 21.96 3800.00
4530.00 22.55 3800.00
4531.00 23.15 3800.00
4532.00 23.75 3800.00
4533.00 24.34 3800.00
4534.00 24.94 3800.00
4535.00 25.54 3800.00
4536.00 26.13 3800.00
4537.00 26.73 3800.00
4538.00 27.33 3800.00
4539.00 27.92 3800.00
4540.00 28.52 3800.00
4541.00 29.12 3800.00
4542.00 29.72 3800.00
4543.00 30.31 3800.00
4544.00 30.91 3800.00
4545.00 31.51 3800.00
4546.00 32.11 3800.00
4547.00 32.71 3800.00
4548.00 33.31 3800.00
4549.00 33.90 3800.00
4550.00 34.50 3800.00
4551.00 35.10 3800.00
4552.00 35.70 3800.00
4553.00 36.30 3800.00
4554.00 36.90 3800.00
4555.00 37.50 3800.00
4556.00 38.10 3800.00
4557.00 38.70 3800.00
4558.00 39.30 3800.00
4559.00 39.90 3800.00
4560.00 40.50 3800.00
4561.00 41.10 3800.00
4562.00 41.70 3800.00
4563.00 42.30 3800.00
4564.00 42.90 3800.00
4565.00 43.50 3800.00
4566.00 44.10 3800.00
4567.00 44.70 3800.00
4568.00 45.30 3800.00
4569.00 45.90 3800.00
4570.00 46.50 3800.00
4571.00 47.10 3800.00
4572.00 47.71 3800.00
4573.00 48.31 3800.00
4574.00 48.91 3800.00
4575.00 49.51 3800.00
4576.00 50.11 3800.00
4577.00 50.71 3800.00
4578.00 51.32 3800.00
4579.00 51.92 3800.00
4580.00 52.52 3800.00
4581.00 53.12 3800.00
4582.00 53.73 3800.00
4583.00 54.33 3800.00
4584.00 54.93 3800.00
4585.00 55.54 3800.00
4586.00 56.14 3800.00
4587.00 56.74 3800.00
4588.00 57.35 3800.00
4589.00 57.95 3800.00
4590.00 58.55 3800.00
4591.00 59.16 3800.00
4592.00 59.76 3800.00
4593.00 60.37 3800.00
4594.00 60.97 3800.00
4595.00 61.58 3800.00
4596.00 62.18 3800.00
4597.00 62.79 3800.00
4598.00 63.39 3800.00
4599.00 64.00 3800.00
4600.00 64.60 3800.00
4601.00 65.21 3800.00
4602.00 65.81 3800.00
4603.00 66.42 3800.00
4604.00 67.02 3800.00
4605.00 67.63 3800.00
4606.00 68.23 3800.00
4607.00 68.84 3800.00
4608.00 69.45 3800.00
4609.00 70.05 3800.00
4610.00 70.66 3800.00
4611.00 71.27 3800.00
4612.00 71.87 3800.00
4613.00 72.48 3800.00
4614.00 73.09 3800.00
4615.00 73.69 3800.00
4616.00 74.30 3800.00
4617.00 74.91 3800.00
4618.00 75.52 3800.00
4619.00 76.12 3800.00
4620.00 76.73 3800.00
4621.00 77.34 3800.00
4622.00 77.95 3800.00
4623.00 78.56 3800.00
4624.00 79.17 3800.00
4625.00 79.77 3800.00
4626.00 80.38 3800.00
4627.00 80.99 3800.00
4628.00 81.60 3800.00
4629.00 82.21 3800.00
4630.00 82.82 3800.00
4631.00 83.43 3800.00
4632.00 84.04 3800.00
4633.00 84.65 3800.00
4634.00 85.26 3800.00
4635.00 85.87 3800.00
4636.00 86.48 3800.00
4637.00 87.09 3800.00
4638.00 87.70 3800.00
4639.00 88.31 3800.00
4640.00 88.92 3800.00
4641.00 89.53 3800.00
4642.00 90.14 3800.00
4643.00 90.75 3800.00
4644.00 91.36 3800.00
4645.00 91.97 3800.00
4646.00 92.58 3800.00
4647.00 93.19 3800.00
4648.00 93.81 3800.00
4649.00 94.42 3800.00
4650.00 95.03 3800.00
4651.00 95.64 3800.00
4652.00 96.25 3800.00
4653.00 96.86 3800.00
4654.00 97.48 3800.00
4655.00 98.09 3800.00
4656.00 98.70 3800.00
4657.00 99.31 3800.00
4658.00 99.93 3800.00
4659.00 0.00 0.00
4859.00 0.00 4000.00
4860.00 0.61 4000.00
4861.00 1.21 4000.00
4862.00 1.82 4000.00
4863.00 2.43 4000.00
4864.00 3.04 4000.00
4865.00 3.65 4000.00
4866.00 4.25 4000.00
4867.00 4.86 4000.00
4868.00 5.47 4000.00
4869.00 6.08 4000.00
4870.00 6.69 4000.00
4871.00 7.30 4000.00
4872.00 7.91 4000.00
4873.00 8.52 4000.00
4874.00 9.12 4000.00
4875.00 9.73 4000.00
4876.00 10.34 4000.00
4877.00 10.95 4000.00
4878.00 11.56 4000.00
4879.00 12.17 4000.00
4880.00 12.78 4000.00
4881.00 13.39 4000.00
4882.00 14.00 4000.00
4883.00 14.61 4000.00
4884.00 15.22 4000.00
4885.00 15.83 4000.00
4886.00 16.44 4000.00
4887.00 17.06 4000.00
4888.00 17.67 4000.00
4889.00 18.28 4000.00
4890.00 18.89 4000.00
4891.00 19.50 4000.00
4892.00 20.11 4000.00
4893.00 20.72 4000.00
4894.00 21.33 4000.00
4895.00 21.95 4000.00
4896.00 22.56 4000.00
4897.00 23.17 4000.00
4898.00 23.78 4000.00
4899.00 24.39 4000.00
4900.00 25.01 4000.00
4901.00 25.62 4000.00
4902.00 26.23 4000.00
4903.00 26.85 4000.00
4904.00 27.46 4000.00
4905.00 28.07 4000.00
4906.00 28.68 4000.00
4907.00 29.30 4000.00
4908.00 29.91 4000.00
4909.00 30.52 4000.00
4910.00 31.14 4000.00
4911.00 31.75 4000.00
4912.00 32.37 4000.00
4913.00 32.98 4000.00
4914.00 33.59 4000.00
4915.00 34.21 4000.00
4916.00 34.82 4000.00
4917.00 35.44 4000.00
4918.00 36.05 4000.00
4919.00 36.67 4000.00
4920.00 37.28 4000.00
4921.00 37.90 4000.00
4922.00 38.51 4000.00
4923.00 39.13 4000.00
4924.00 39.74 4000.00
4925.00 40.36 4000.00
4926.00 40.97 4000.00
4927.00 41.59 4000.00
4928.00 42.21 4000.00
4929.00 42.82 4000.00
4930.00 43.44 4000.00
4931.00 44.05 4000.00
4932.00 44.67 4000.00
4933.00 45.29 4000.00
4934.00 45.90 4000.00
4935.00 46.52 4000.00
4936.00 47.14 4000.00
4937.00 47.76 4000.00
4938.00 48.37 4000.00
4939.00 48.99 4000.00
4940.00 49.61 4000.00
4941.00 50.22 4000.00
4942.00 50.84 4000.00
4943.00 51.46 4000.00
4944.00 52.08 4000.00
4945.00 52.70 4000.00
4946.00 53.31 4000.00
4947.00 53.93 4000.00
4948.00 54.55 4000.00
4949.00 55.17 4000.00
4950.00 55.79 4000.00
4951.00 56.41 4000.00
4952.00 57.03 4000.00
4953.00 57.65 4000.00
4954.00 58.26 4000.00
4955.00 58.88 4000.00
4956.00 59.50 4000.00
4957.00 60.12 4000.00
4958.00 60.74 4000.00
4959.00 61.36 4000.00
4960.00 61.98 4000.00
4961.00 62.60 4000.00
4962.00 63.22 4000.00
4963.00 63.84 4000.00
4964.00 64.46 4000.00
4965.00 65.08 4000.00
4966.00 65.70 4000.00
4967.00 66.33 4000.00
4968.00 66.95 4000.00
4969.00 67.57 4000.00
4970.00 68.19 4000.00
4971.00 68.81 4000.00
4972.00 69.43 4000.00
4973.00 70.05 4000.00
4974.00 70.67 4000.00
4975.00 71.30 4000.00
4976.00 71.92 4000.00
4977.00 72.54 4000.00
4978.00 73.16 4000.00
4979.00 73.78 4000.00
4980.00 74.41 4000.00
4981.00 75.03 4000.00
4982.00 75.65 4000.00
4983.00 76.28 4000.00
4984.00 76.90 4000.00
4985.00 77.52 4000.00
4986.00 78.14 4000.00
4987.00 78.77 4000.00
4988.00 79.39 4000.00
4989.00 80.01 4000.00
4990.00 80.64 4000.00
4991.00 81.26 4000.00
4992.00 81.89 4000.00
4993.00 82.51 4000.00
4994.00 83.13 4000.00
4995.00 83.76 4000.00
4996.00 84.38 4000.00
4997.00 85.01 4000.00
4998.00 85.63 4000.00
4999.00 86.26 4000.00
5000.00 86.88 4000.00
5001.00 87.51 4000.00
5002.00 88.13 4000.00
5003.00 88.76 4000.00
5004.00 89.38 4000.00
5005.00 90.01 4000.00
5006.00 90.63 4000.00
5007.00 91.26 4000.00
5008.00 91.89 4000.00
5009.00 92.51 4000.00
5010.00 93.14 4000.00
5011.00 93.76 4000.00
5012.00 94.39 4000.00
5013.00 95.02 4000.00
5014.00 95.64 4000.00
5015.00 96.27 4000.00
5016.00 96.90 4000.00
5017.00 97.53 4000.00
5018.00 98.15 4000.00
5019.00 98.78 4000.00
5020.00 99.41 4000.00
5021.00 0.00 0.00
5221.00 0.00 4200.00
5222.00 0.62 4200.00
5223.00 1.24 4200.00
5224.00 1.87 4200.00
5225.00 2.49 4200.00
5226.00 3.11 4200.00
5227.00 3.73 4200.00
5228.00 4.35 4200.00
5229.00 4.98 4200.00
5230.00 5.60 4200.00
5231.00 6.22 4200.00
5232.00 6.84 4200.00
5233.00 7.47 4200.00
5234.00 8.09 4200.00
5235.00 8.71 4200.00
5236.00 9.34 4200.00
5237.00 9.96 4200.00
5238.00 10.58 4200.00
5239.00 11.21 4200.00
5240.00 11.83 4200.00
5241.00 12.45 4200.00
5242.00 13.08 4200.00
5243.00 13.70 4200.00
5244.00 14.33 4200.00
5245.00 14.95 4200.00
5246.00 15.58 4200.00
5247.00 16.20 4200.00
5248.00 16.83 4200.00
5249.00 17.45 4200.00
5250.00 18.07 4200.00
5251.00 18.70 4200.00
5252.00 19.33 4200.00
5253.00 19.95 4200.00
5254.00 20.58 4200.00
5255.00 21.20 4200.00
5256.00 21.83 4200.00
5257.00 22.45 4200.00
5258.00 23.08 4200.00
5259.00 23.70 4200.00
5260.00 24.33 4200.00
5261.00 24.96 4200.00
5262.00 25.58 4200.00
5263.00 26.21 4200.00
5264.00 26.84 4200.00
5265.00 27.46 4200.00
5266.00 28.09 4200.00
5267.00 28.72 4200.00
5268.00 29.34 4200.00
5269.00 29.97 4200.00
5270.00 30.60 4200.00
5271.00 31.23 4200.00
5272.00 31.85 4200.00
5273.00 32.48 4200.00
5274.00 33.11 4200.00
5275.00 33.74 4200.00
5276.00 34.37 4200.00
5277.00 34.99 4200.00
5278.00 35.62 4200.00
5279.00 36.25 4200.00
5280.00 36.88 4200.00
5281.00 37.51 4200.00
5282.00 38.14 4200.00
5283.00 38.76 4200.00
5284.00 39.39 4200.00
5285.00 40.02 4200.00
5286.00 40.65 4200.00
5287.00 41.28 4200.00
5288.00 41.91 4200.00
5289.00 42.54 4200.00
5290.00 43.17 4200.00
5291.00 43.80 4200.00
5292.00 44.43 4200.00
5293.00 45.06 4200.00
5294.00 45.69 4200.00
5295.00 46.32 4200.00
5296.00 46.95 4200.00
5297.00 47.58 4200.00
5298.00 48.21 4200.00
5299.00 48.84 4200.00
5300.00 49.47 4200.00
5301.00 50.10 4200.00
5302.00 50.74 4200.00
5303.00 51.37 4200.00
5304.00 52.00 4200.00
5305.00 52.63 4200.00
5306.00 53.26 4200.00
5307.00 53.89 4200.00
5308.00 54.53 4200.00
5309.00 55.16 4200.00
5310.00 55.79 4200.00
5311.00 56.42 4200.00
5312.00 57.05 4200.00
5313.00 57.69 4200.00
5314.00 58.32 4200.00
5315.00 58.95 4200.00
5316.00 59.58 4200.00
5317.00 60.22 4200.00
5318.00 60.85 4200.00
5319.00 61.48 4200.00
5320.00 62.12 4200.00
5321.00 62.75 4200.00
5322.00 63.38 4200.00
5323.00 64.02 4200.00
5324.00 64.65 4200.00
5325.00 65.28 4200.00
5326.00 65.92 4200.00
5327.00 66.55 4200.00
5328.00 67.19 4200.00
5329.00 67.82 4200.00
5330.00 68.46 4200.00
5331.00 69.09 4200.00
5332.00 69.73 4200.00
5333.00 70.36 4200.00
5334.00 70.99 4200.00
5335.00 71.63 4200.00
5336.00 72.27 4200.00
5337.00 72.90 4200.00
5338.00 73.54 4200.00
5339.00 74.17 4200.00
5340.00 74.81 4200.00
5341.00 75.44 4200.00
5342.00 76.08 4200.00
5343.00 76.71 4200.00
5344.00 77.35 4200.00
5345.00 77.99 4200.00
5346.00 78.62 4200.00
5347.00 79.26 4200.00
5348.00 79.90 4200.00
5349.00 80.53 4200.00
5350.00 81.17 4200.00
5351.00 81.81 4200.00
5352.00 82.44 4200.00
5353.00 83.08 4200.00
5354.00 83.72 4200.00
5355.00 84.36 4200.00
5356.00 84.99 4200.00
5357.00 85.63 4200.00
5358.00 86.27 4200.00
5359.00 86.91 4200.00
5360.00 87.55 4200.00
5361.00 88.18 4200.00
5362.00 88.82 4200.00
5363.00 89.46 4200.00
5364.00 90.10 4200.00
5365.00 90.74 4200.00
5366.00 91.38 4200.00
5367.00 92.01 4200.00
5368.00 92.65 4200.00
5369.00 93.29 4200.00
5370.00 93.93 4200.00
5371.00 94.57 4200.00
5372.00 95.21 4200.00
5373.00 95.85 4200.00
5374.00 96.49 4200.00
5375.00 97.13 4200.00
5376.00 97.77 4200.00
5377.00 98.41 4200.00
5378.00 99.05 4200.00
5379.00 99.69 4200.00
5380.00 0.00 0.00
5580.00 0.00 4400.00
5581.00 0.63 4400.00
5582.00 1.27 4400.00
5583.00 1.90 4400.00
5584.00 2.54 4400.00
5585.00 3.17 4400.00
5586.00 3.81 4400.00
5587.00 4.44 4400.00
5588.00 5.08 4400.00
5589.00 5.71 4400.00
5590.00 6.35 4400.00
5591.00 6.98 4400.00
5592.00 7.62 4400.00
5593.00 8.25 4400.00
5594.00 8.89 4400.00
5595.00 9.52 4400.00
5596.00 10.16 4400.00
5597.00 10.80 4400.00
5598.00 11.43 4400.00
5599.00 12.07 4400.00
5600.00 12.70 4400.00
5601.00 13.34 4400.00
5602.00 13.98 4400.00
5603.00 14.61 4400.00
5604.00 15.25 4400.00
5605.00 15.89 4400.00
5606.00 16.52 4400.00
5607.00 17.16 4400.00
5608.00 17.80 4400.00
5609.00 18.44 4400.00
5610.00 19.07 4400.00
5611.00 19.71 4400.00
5612.00 20.35 4400.00
5613.00 20.99 4400.00
5614.00 21.62 4400.00
5615.00 22.26 4400.00
5616.00 22.90 4400.00
5617.00 23.54 4400.00
5618.00 24.18 4400.00
5619.00 24.82 4400.00
5620.00 25.45 4400.00
5621.00 26.09 4400.00
5622.00 26.73 4400.00
5623.00 27.37 4400.00
5624.00 28.01 4400.00
5625.00 28.65 4400.00
5626.00 29.29 4400.00
5627.00 29.93 4400.00
5628.00 30.57 4400.00
5629.00 31.21 4400.00
5630.00 31.85 4400.00
5631.00 32.49 4400.00
5632.00 33.13 4400.00
5633.00 33.77 4400.00
5634.00 34.41 4400.00
5635.00 35.05 4400.00
5636.00 35.69 4400.00
5637.00 36.33 4400.00
5638.00 36.97 4400.00
5639.00 37.61 4400.00
5640.00 38.25 4400.00
5641.00 38.89 4400.00
5642.00 39.53 4400.00
5643.00 40.17 4400.00
5644.00 40.81 4400.00
5645.00 41.46 4400.00
5646.00 42.10 4400.00
5647.00 42.74 4400.00
5648.00 43.38 4400.00
5649.00 44.02 4400.00
5650.00 44.66 4400.00
5651.00 45.31 4400.00
5652.00 45.95 4400.00
5653.00 46.59 4400.00
5654.00 47.23 4400.00
5655.00 47.88 4400.00
5656.00 48.52 4400.00
5657.00 49.16 4400.00
5658.00 49.80 4400.00
5659.00 50.45 4400.00
5660.00 51.09 4400.00
5661.00 51.73 4400.00
5662.00 52.38 4400.00
5663.00 53.02 4400.00
5664.00 53.66 4400.00
5665.00 54.31 4400.00
5666.00 54.95 4400.00
5667.00 55.60 4400.00
5668.00 56.24 4400.00
5669.00 56.88 4400.00
5670.00 57.53 4400.00
5671.00 58.17 4400.00
5672.00 58.82 4400.00
5673.00 59.46 4400.00
5674.00 60.11 4400.00
5675.00 60.75 4400.00
5676.00 61.40 4400.00
5677.00 62.04 4400.00
5678.00 62.69 4400.00
5679.00 63.33 4400.00
5680.00 63.98 4400.00
5681.00 64.62 4400.00
5682.00 65.27 4400.00
5683.00 65.91 4400.00
5684.00 66.56 4400.00
5685.00 67.21 4400.00
5686.00 67.85 4400.00
5687.00 68.50 4400.00
5688.00 69.14 4400.00
5689.00 69.79 4400.00
5690.00 70.44 4400.00
5691.00 71.08 4400.00
5692.00 71.73 4400.00
5693.00 72.38 4400.00
5694.00 73.02 4400.00
5695.00 73.67 4400.00
5696.00 74.32 4400.00
5697.00 74.97 4400.00
5698.00 75.61 4400.00
5699.00 76.26 4400.00
5700.00 76.91 4400.00
5701.00 77.56 4400.00
5702.00 78.20 4400.00
5703.00 78.85 4400.00
5704.00 79.50 4400.00
5705.00 80.15 4400.00
5706.00 80.80 4400.00
5707.00 81.45 4400.00
5708.00 82.09 4400.00
5709.00 82.74 4400.00
5710.00 83.39 4400.00
5711.00 84.04 4400.00
5712.00 84.69 4400.00
5713.00 85.34 4400.00
5714.00 85.99 4400.00
5715.00 86.64 4400.00
5716.00 87.29 4400.00
5717.00 87.94 4400.00
5718.00 88.59 4400.00
5719.00 89.24 4400.00
5720.00 89.89 4400.00
5721.00 90.54 4400.00
5722.00 91.19 4400.00
5723.00 91.84 4400.00
5724.00 92.49 4400.00
5725.00 93.14 4400.00
5726.00 93.79 4400.00
5727.00 94.44 4400.00
5728.00 95.09 4400.00
5729.00 95.74 4400.00
5730.00 96.39 4400.00
5731.00 97.04 4400.00
5732.00 97.69 4400.00
5733.00 98.35 4400.00
5734.00 99.00 4400.00
5735.00 99.65 4400.00
5736.00 0.00 0.00
5936.00 0.00 4600.00
5937.00 0.65 4600.00
5938.00 1.29 4600.00
5939.00 1.94 4600.00
5940.00 2.58 4600.00
5941.00 3.23 4600.00
5942.00 3.87 4600.00
5943.00 4.52 4600.00
5944.00 5.17 4600.00
5945.00 5.81 4600.00
5946.00 6.46 4600.00
5947.00 7.10 4600.00
5948.00 7.75 4600.00
5949.00 8.40 4600.00
5950.00 9.04 4600.00
5951.00 9.69 4600.00
5952.00 10.34 4600.00
5953.00 10.98 4600.00
5954.00 11.63 4600.00
5955.00 12.28 4600.00
5956.00 12.93 4600.00
5957.00 13.57 4600.00
5958.00 14.22 4600.00
5959.00 14.87 4600.00
5960.00 15.52 4600.00
5961.00 16.16 4600.00
5962.00 16.81 4600.00
5963.00 17.46 4600.00
5964.00 18.11 4600.00
5965.00 18.76 4600.00
5966.00 19.41 4600.00
5967.00 20.05 4600.00
5968.00 20.70 4600.00
5969.00 21.35 4600.00
5970.00 22.00 4600.00
5971.00 22.65 4600.00
5972.00 23.30 4600.00
5973.00 23.95 4600.00
5974.00 24.60 4600.00
5975.00 25.25 4600.00
5976.00 25.90 4600.00
5977.00 26.55 4600.00
5978.00 27.19 4600.00
5979.00 27.84 4600.00
5980.00 28.49 4600.00
5981.00 29.14 4600.00
5982.00 29.79 4600.00
5983.00 30.45 4600.00
5984.00 31.10 4600.00
5985.00 31.75 4600.00
5986.00 32.40 4600.00
5987.00 33.05 4600.00
5988.00 33.70 4600.00
5989.00 34.35 4600.00
5990.00 35.00 4600.00
5991.00 35.65 4600.00
5992.00 36.30 4600.00
5993.00 36.95 4600.00
5994.00 37.61 4600.00
5995.00 38.26 4600.00
5996.00 38.91 4600.00
5997.00 39.56 4600.00
5998.00 40.21 4600.00
5999.00 40.86 4600.00
6000.00 41.52 4600.00
6001.00 42.17 4600.00
6002.00 42.82 4600.00
6003.00 43.47 4600.00
6004.00 44.13 4600.00
6005.00 44.78 4600.00
6006.00 45.43 4600.00
6007.00 46.08 4600.00
6008.00 46.74 4600.00
6009.00 47.39 4600.00
6010.00 48.04 4600.00
6011.00 48.70 4600.00
6012.00 49.35 4600.00
6013.00 50.00 4600.00
6014.00 50.66 4600.00
6015.00 51.31 4600.00
6016.00 51.97 4600.00
6017.00 52.62 4600.00
6018.00 53.27 4600.00
6019.00 53.93 4600.00
6020.00 54.58 4600.00
6021.00 55.24 4600.00
6022.00 55.89 4600.00
6023.00 56.55 4600.00
6024.00 57.20 4600.00
6025.00 57.85 4600.00
6026.00 58.51 4600.00
6027.00 59.16 4600.00
6028.00 59.82 4600.00
6029.00 60.48 4600.00
6030.00 61.13 4600.00
6031.00 61.79 4600.00
6032.00 62.44 4600.00
6033.00 63.10 4600.00
6034.00 63.75 4600.00
6035.00 64.41 4600.00
6036.00 65.07 4600.00
6037.00 65.72 4600.00
6038.00 66.38 4600.00
6039.00 67.03 4600.00
6040.00 67.69 4600.00
6041.00 68.35 4600.00
6042.00 69.00 4600.00
6043.00 69.66 4600.00
6044.00 70.32 4600.00
6045.00 70.97 4600.00
6046.00 71.63 4600.00
6047.00 72.29 4600.00
6048.00 72.95 4600.00
6049.00 73.60 4600.00
6050.00 74.26 4600.00
6051.00 74.92 4600.00
6052.00 75.58 4600.00
6053.00 76.23 4600.00
6054.00 76.89 4600.00
6055.00 77.55 4600.00
6056.00 78.21 4600.00
6057.00 78.87 4600.00
6058.00 79.53 4600.00
6059.00 80.18 4600.00
6060.00 80.84 4600.00
6061.00 81.50 4600.00
6062.00 82.16 4600.00
6063.00 82.82 4600.00
6064.00 83.48 4600.00
6065.00 84.14 4600.00
6066.00 84.80 4600.00
6067.00 85.46 4600.00
6068.00 86.12 4600.00
6069.00 86.78 4600.00
6070.00 87.43 4600.00
6071.00 88.09 4600.00
6072.00 88.75 4600.00
6073.00 89.41 4600.00
6074.00 90.07 4600.00
6075.00 90.74 4600.00
6076.00 91.40 4600.00
6077.00 92.06 4600.00
6078.00 92.72 4600.00
6079.00 93.38 4600.00
6080.00 94.04 4600.00
6081.00 94.70 4600.00
6082.00 95.36 4600.00
6083.00 96.02 4600.00
6084.00 96.68 4600.00
6085.00 97.34 4600.00
6086.00 98.01 4600.00
6087.00 98.67 4600.00
6088.00 99.33 4600.00
6089.00 99.99 4600.00
6090.00 0.00 0.00
6290.00 0.00 4800.00
6291.00 0.66 4800.00
6292.00 1.31 4800.00
6293.00 1.97 4800.00
6294.00 2.62 4800.00
6295.00 3.28 4800.00
6296.00 3.93 4800.00
6297.00 4.59 4800.00
6298.00 5.24 4800.00
6299.00 5.90 4800.00
6300.00 6.56 4800.00
6301.00 7.21 4800.00
6302.00 7.87 4800.00
6303.00 8.53 4800.00
6304.00 9.18 4800.00
6305.00 9.84 4800.00
6306.00 10.50 4800.00
6307.00 11.15 4800.00
6308.00 11.81 4800.00
6309.00 12.47 4800.00
6310.00 13.12 4800.00
6311.00 13.78 4800.00
6312.00 14.44 4800.00
6313.00 15.10 4800.00
6314.00 15.75 4800.00
6315.00 16.41 4800.00
6316.00 17.07 4800.00
6317.00 17.73 4800.00
6318.00 18.39 4800.00
6319.00 19.04 4800.00
6320.00 19.70 4800.00
6321.00 20.36 4800.00
6322.00 21.02 4800.00
6323.00 21.68 4800.00
6324.00 22.34 4800.00
6325.00 23.00 4800.00
6326.00 23.65 4800.00
6327.00 24.31 4800.00
6328.00 24.97 4800.00
6329.00 25.63 4800.00
6330.00 26.29 4800.00
6331.00 26.95 4800.00
6332.00 27.61 4800.00
6333.00 28.27 4800.00
6334.00 28.93 4800.00
6335.00 29.59 4800.00
6336.00 30.25 4800.00
6337.00 30.91 4800.00
6338.00 31.57 4800.00
6339.00 32.23 4800.00
6340.00 32.89 4800.00
6341.00 33.55 4800.00
6342.00 34.21 4800.00
6343.00 34.87 4800.00
6344.00 35.53 4800.00
6345.00 36.19 4800.00
6346.00 36.85 4800.00
6347.00 37.52 4800.00
6348.00 38.18 4800.00
6349.00 38.84 4800.00
6350.00 39.50 4800.00
6351.00 40.16 4800.00
6352.00 40.82 4800.00
6353.00 41.48 4800.00
6354.00 42.15 4800.00
6355.00 42.81 4800.00
6356.00 43.47 4800.00
6357.00 44.13 4800.00
6358.00 44.79 4800.00
6359.00 45.46 4800.00
6360.00 46.12 4800.00
6361.00 46.78 4800.00
6362.00 47.44 4800.00
6363.00 48.11 4800.00
6364.00 48.77 4800.00
6365.00 49.43 4800.00
6366.00 50.10 4800.00
6367.00 50.76 4800.00
6368.00 51.42 4800.00
6369.00 52.09 4800.00
6370.00 52.75 4800.00
6371.00 53.41 4800.00
6372.00 54.08 4800.00
6373.00 54.74 4800.00
6374.00 55.40 4800.00
6375.00 56.07 4800.00
6376.00 56.73 4800.00
6377.00 57.40 4800.00
6378.00 58.06 4800.00
6379.00 58.73 4800.00
6380.00 59.39 4800.00
6381.00 60.06 4800.00
6382.00 60.72 4800.00
6383.00 61.38 4800.00
6384.00 62.05 4800.00
6385.00 62.71 4800.00
6386.00 63.38 4800.00
6387.00 64.05 4800.00
6388.00 64.71 4800.00
6389.00 65.38 4800.00
6390.00 66.04 4800.00
6391.00 66.71 4800.00
6392.00 67.37 4800.00
6393.00 68.04 4800.00
6394.00 68.70 4800.00
6395.00 69.37 4800.00
6396.00 70.04 4800.00
6397.00 70.70 4800.00
6398.00 71.37 4800.00
6399.00 72.04 4800.00
6400.00 72.70 4800.00
6401.00 73.37 4800.00
6402.00 74.04 4800.00
6403.00 74.70 4800.00
6404.00 75.37 4800.00
6405.00 76.04 4800.00
6406.00 76.70 4800.00
6407.00 77.37 4800.00
6408.00 78.04 4800.00
6409.00 78.71 4800.00
6410.00 79.37 4800.00
6411.00 80.04 4800.00
6412.00 80.71 4800.00
6413.00 81.38 4800.00
6414.00 82.05 4800.00
6415.00 82.71 4800.00
6416.00 83.38 4800.00
6417.00 84.05 4800.00
6418.00 84.72 4800.00
6419.00 85.39 4800.00
6420.00 86.06 4800.00
6421.00 86.73 4800.00
6422.00 87.39 4800.00
6423.00 88.06 4800.00
6424.00 88.73 4800.00
6425.00 89.40 4800.00
6426.00 90.07 4800.00
6427.00 90.74 4800.00
6428.00 91.41 4800.00
6429.00 92.08 4800.00
6430.00 92.75 4800.00
6431.00 93.42 4800.00
6432.00 94.09 4800.00
6433.00 94.76 4800.00
6434.00 95.43 4800.00
6435.00 96.10 4800.00
6436.00 96.77 4800.00
6437.00 97.44 4800.00
6438.00 98.11 4800.00
6439.00 98.78 4800.00
6440.00 99.45 4800.00
6441.00 0.00 0.00
6641.00 0.00 5000.00
6642.00 0.66 5000.00
6643.00 1.33 5000.00
6644.00 1.99 5000.00
6645.00 2.66 5000.00
6646.00 3.32 5000.00
6647.00 3.99 5000.00
6648.00 4.65 5000.00
6649.00 5.32 5000.00
6650.00 5.98 5000.00
6651.00 6.65 5000.00
6652.00 7.31 5000.00
6653.00 7.98 5000.00
6654.00 8.64 5000.00
6655.00 9.31 5000.00
6656.00 9.97 5000.00
6657.00 10.64 5000.00
6658.00 11.30 5000.00
6659.00 11.97 5000.00
6660.00 12.64 5000.00
6661.00 13.30 5000.00
6662.00 13.97 5000.00
6663.00 14.63 5000.00
6664.00 15.30 5000.00
6665.00 15.97 5000.00
6666.00 16.63 5000.00
6667.00 17.30 5000.00
6668.00 17.97 5000.00
6669.00 18.63 5000.00
6670.00 19.30 5000.00
6671.00 19.97 5000.00
6672.00 20.64 5000.00
6673.00 21.30 5000.00
6674.00 21.97 5000.00
6675.00 22.64 5000.00
6676.00 23.30 5000.00
6677.00 23.97 5000.00
6678.00 24.64 5000.00
6679.00 25.31 5000.00
6680.00 25.98 5000.00
6681.00 26.64 5000.00
6682.00 27.31 5000.00
6683.00 27.98 5000.00
6684.00 28.65 5000.00
6685.00 29.32 5000.00
6686.00 29.99 5000.00
6687.00 30.65 5000.00
6688.00 31.32 5000.00
6689.00 31.99 5000.00
6690.00 32.66 5000.00
6691.00 33.33 5000.00
6692.00 34.00 5000.00
6693.00 34.67 5000.00
6694.00 35.34 5000.00
6695.00 36.01 5000.00
6696.00 36.68 5000.00
6697.00 37.35 5000.00
6698.00 38.02 5000.00
6699.00 38.69 5000.00
6700.00 39.36 5000.00
6701.00 40.03 5000.00
6702.00 40.70 5000.00
6703.00 41.37 5000.00
6704.00 42.04 5000.00
6705.00 42.71 5000.00
6706.00 43.38 5000.00
6707.00 44.05 5000.00
6708.00 44.72 5000.00
6709.00 45.39 5000.00
6710.00 46.06 5000.00
6711.00 46.73 5000.00
6712.00 47.40 5000.00
6713.00 48.07 5000.00
6714.00 48.75 5000.00
6715.00 49.42 5000.00
6716.00 50.09 5000.00
6717.00 50.76 5000.00
6718.00 51.43 5000.00
6719.00 52.10 5000.00
6720.00 52.78 5000.00
6721.00 53.45 5000.00
6722.00 54.12 5000.00
6723.00 54.79 5000.00
6724.00 55.46 5000.00
6725.00 56.14 5000.00
6726.00 56.81 5000.00
6727.00 57.48 5000.00
6728.00 58.16 5000.00
6729.00 58.83 5000.00
6730.00 59.50 5000.00
6731.00 60.17 5000.00
6732.00 60.85 5000.00
6733.00 61.52 5000.00
6734.00 62.19 5000.00
6735.00 62.87 5000.00
6736.00 63.54 5000.00
6737.00 64.21 5000.00
6738.00 64.89 5000.00
6739.00 65.56 5000.00
6740.00 66.24 5000.00
6741.00 66.91 5000.00
6742.00 67.58 5000.00
6743.00 68.26 5000.00
6744.00 68.93 5000.00
6745.00 69.61 5000.00
6746.00 70.28 5000.00
6747.00 70.96 5000.00
6748.00 71.63 5000.00
6749.00 72.31 5000.00
6750.00 72.98 5000.00
6751.00 73.66 5000.00
6752.00 74.33 5000.00
6753.00 75.01 5000.00
6754.00 75.68 5000.00
6755.00 76.36 5000.00
6756.00 77.03 5000.00
6757.00 77.71 5000.00
6758.00 78.38 5000.00
6759.00 79.06 5000.00
6760.00 79.74 5000.00
6761.00 80.41 5000.00
6762.00 81.09 5000.00
6763.00 81.76 5000.00
6764.00 82.44 5000.00
6765.00 83.12 5000.00
6766.00 83.79 5000.00
6767.00 84.47 5000.00
6768.00 85.15 5000.00
6769.00 85.82 5000.00
6770.00 86.50 5000.00
6771.00 87.18 5000.00
6772.00 87.86 5000.00
6773.00 88.53 5000.00
6774.00 89.21 5000.00
6775.00 89.89 5000.00
6776.00 90.56 5000.00
6777.00 91.24 5000.00
6778.00 91.92 5000.00
6779.00 92.60 5000.00
6780.00 93.28 5000.00
6781.00 93.95 5000.00
6782.00 94.63 5000.00
6783.00 95.31 5000.00
6784.00 95.99 5000.00
6785.00 96.67 5000.00
6786.00 97.35 5000.00
6787.00 98.02 5000.00
6788.00 98.70 5000.00
6789.00 99.38 5000.00
6790.00 0.00 0.00
6990.00 0.00 5200.00
6991.00 0.67 5200.00
6992.00 1.34 5200.00
6993.00 2.02 5200.00
6994.00 2.69 5200.00
6995.00 3.36 5200.00
6996.00 4.03 5200.00
6997.00 4.71 5200.00
6998.00 5.38 5200.00
6999.00 6.05 5200.00
7000.00 6.73 5200.00
7001.00 7.40 5200.00
7002.00 8.07 5200.00
7003.00 8.75 5200.00
7004.00 9.42 5200.00
7005.00 10.09 5200.00
7006.00 10.77 5200.00
7007.00 11.44 5200.00
7008.00 12.11 5200.00
7009.00 12.79 5200.00
7010.00 13.46 5200.00
7011.00 14.14 5200.00
7012.00 14.81 5200.00
7013.00 15.48 5200.00
7014.00 16.16 5200.00
7015.00 16.83 5200.00
7016.00 17.51 5200.00
7017.00 18.18 5200.00
7018.00 18.86 5200.00
7019.00 19.53 5200.00
7020.00 20.21 5200.00
7021.00 20.88 5200.00
7022.00 21.56 5200.00
7023.00 22.23 5200.00
7024.00 22.91 5200.00
7025.00 23.58 5200.00
7026.00 24.26 5200.00
7027.00 24.93 5200.00
7028.00 25.61 5200.00
7029.00 26.29 5200.00
7030.00 26.96 5200.00
7031.00 27.64 5200.00
7032.00 28.31 5200.00
7033.00 28.99 5200.00
7034.00 29.67 5200.00
7035.00 30.34 5200.00
7036.00 31.02 5200.00
7037.00 31.70 5200.00
7038.00 32.37 5200.00
7039.00 33.05 5200.00
7040.00 33.73 5200.00
7041.00 34.40 5200.00
7042.00 35.08 5200.00
7043.00 35.76 5200.00
7044.00 36.43 5200.00
7045.00 37.11 5200.00
7046.00 37.79 5200.00
7047.00 38.47 5200.00
7048.00 39.14 5200.00
7049.00 39.82 5200.00
7050.00 40.50 5200.00
7051.00 41.18 5200.00
7052.00 41.86 5200.00
7053.00 42.53 5200.00
7054.00 43.21 5200.00
7055.00 43.89 5200.00
7056.00 44.57 5200.00
7057.00 45.25 5200.00
7058.00 45.93 5200.00
7059.00 46.60 5200.00
7060.00 47.28 5200.00
7061.00 47.96 5200.00
7062.00 48.64 5200.00
7063.00 49.32 5200.00
7064.00 50.00 5200.00
7065.00 50.68 5200.00
7066.00 51.36 5200.00
7067.00 52.04 5200.00
7068.00 52.72 5200.00
7069.00 53.40 5200.00
7070.00 54.08 5200.00
7071.00 54.76 5200.00
7072.00 55.44 5200.00
7073.00 56.12 5200.00
7074.00 56.80 5200.00
7075.00 57.48 5200.00
7076.00 58.16 5200.00
7077.00 58.84 5200.00
7078.00 59.52 5200.00
7079.00 60.20 5200.00
7080.00 60.88 5200.00
7081.00 61.56 5200.00
7082.00 62.24 5200.00
7083.00 62.92 5200.00
7084.00 63.60 5200.00
7085.00 64.28 5200.00
7086.00 64.97 5200.00
7087.00 65.65 5200.00
7088.00 66.33 5200.00
7089.00 67.01 5200.00
7090.00 67.69 5200.00
7091.00 68.37 5200.00
7092.00 69.06 5200.00
7093.00 69.74 5200.00
7094.00 70.42 5200.00
7095.00 71.10 5200.00
7096.00 71.78 5200.00
7097.00 72.47 5200.00
7098.00 73.15 5200.00
7099.00 73.83 5200.00
7100.00 74.51 5200.00
7101.00 75.20 5200.00
7102.00 75.88 5200.00
7103.00 76.56 5200.00
7104.00 77.25 5200.00
7105.00 77.93 5200.00
7106.00 78.61 5200.00
7107.00 79.30 5200.00
7108.00 79.98 5200.00
7109.00 80.66 5200.00
7110.00 81.35 5200.00
7111.00 82.03 5200.00
7112.00 82.71 5200.00
7113.00 83.40 5200.00
7114.00 84.08 5200.00
7115.00 84.77 5200.00
7116.00 85.45 5200.00
7117.00 86.13 5200.00
7118.00 86.82 5200.00
7119.00 87.50 5200.00
7120.00 88.19 5200.00
7121.00 88.87 5200.00
7122.00 89.56 5200.00
7123.00 90.24 5200.00
7124.00 90.93 5200.00
7125.00 91.61 5200.00
7126.00 92.30 5200.00
7127.00 92.98 5200.00
7128.00 93.67 5200.00
7129.00 94.35 5200.00
7130.00 95.04 5200.00
7131.00 95.72 5200.00
7132.00 96.41 5200.00
7133.00 97.10 5200.00
7134.00 97.78 5200.00
7135.00 98.47 5200.00
7136.00 99.15 5200.00
7137.00 99.84 5200.00
7138.00 0.00 0.00
7338.00 0.00 5400.00
7339.00 0.68 5400.00
7340.00 1.36 5400.00
7341.00 2.04 5400.00
7342.00 2.72 5400.00
7343.00 3.40 5400.00
7344.00 4.08 5400.00
7345.00 4.76 5400.00
7346.00 5.44 5400.00
7347.00 6.12 5400.00
7348.00 6.80 5400.00
7349.00 7.48 5400.00
7350.00 8.16 5400.00
7351.00 8.84 5400.00
7352.00 9.52 5400.00
7353.00 10.20 5400.00
7354.00 10.88 5400.00
7355.00 11.56 5400.00
7356.00 12.25 5400.00
7357.00 12.93 5400.00
7358.00 13.61 5400.00
7359.00 14.29 5400.00
7360.00 14.97 5400.00
7361.00 15.65 5400.00
7362.00 16.33 5400.00
7363.00 17.02 5400.00
7364.00 17.70 5400.00
7365.00 18.38 5400.00
7366.00 19.06 5400.00
7367.00 19.74 5400.00
7368.00 20.43 5400.00
7369.00 21.11 5400.00
7370.00 21.79 5400.00
7371.00 22.47 5400.00
7372.00 23.15 5400.00
7373.00 23.84 5400.00
7374.00 24.52 5400.00
7375.00 25.20 5400.00
7376.00 25.89 5400.00
7377.00 26.57 5400.00
7378.00 27.25 5400.00
7379.00 27.94 5400.00
7380.00 28.62 5400.00
7381.00 29.30 5400.00
7382.00 29.99 5400.00
7383.00 30.67 5400.00
7384.00 31.35 5400.00
7385.00 32.04 5400.00
7386.00 32.72 5400.00
7387.00 33.40 5400.00
7388.00 34.09 5400.00
7389.00 34.77 5400.00
7390.00 35.46 5400.00
7391.00 36.14 5400.00
7392.00 36.83 5400.00
7393.00 37.51 5400.00
7394.00 38.19 5400.00
7395.00 38.88 5400.00
7396.00 39.56 5400.00
7397.00 40.25 5400.00
7398.00 40.93 5400.00
7399.00 41.62 5400.00
7400.00 42.30 5400.00
7401.00 42.99 5400.00
7402.00 43.67 5400.00
7403.00 44.36 5400.00
7404.00 45.05 5400.00
7405.00 45.73 5400.00
7406.00 46.42 5400.00
7407.00 47.10 5400.00
7408.00 47.79 5400.00
7409.00 48.47 5400.00
7410.00 49.16 5400.00
7411.00 49.85 5400.00
7412.00 50.53 5400.00
7413.00 51.22 5400.00
7414.00 51.91 5400.00
7415.00 52.59 5400.00
7416.00 53.28 5400.00
7417.00 53.97 5400.00
7418.00 54.65 5400.00
7419.00 55.34 5400.00
7420.00 56.03 5400.00
7421.00 56.71 5400.00
7422.00 57.40 5400.00
7423.00 58.09 5400.00
7424.00 58.77 5400.00
7425.00 59.46 5400.00
7426.00 60.15 5400.00
7427.00 60.84 5400.00
7428.00 61.53 5400.00
7429.00 62.21 5400.00
7430.00 62.90 5400.00
7431.00 63.59 5400.00
7432.00 64.28 5400.00
7433.00 64.97 5400.00
7434.00 65.65 5400.00
7435.00 66.34 5400.00
7436.00 67.03 5400.00
7437.00 67.72 5400.00
7438.00 68.41 5400.00
7439.00 69.10 5400.00
7440.00 69.79 5400.00
7441.00 70.47 5400.00
7442.00 71.16 5400.00
7443.00 71.85 5400.00
7444.00 72.54 5400.00
7445.00 73.23 5400.00
7446.00 73.92 5400.00
7447.00 74.61 5400.00
7448.00 75.30 5400.00
7449.00 75.99 5400.00
7450.00 76.68 5400.00
7451.00 77.37 5400.00
7452.00 78.06 5400.00
7453.00 78.75 5400.00
7454.00 79.44 5400.00
7455.00 80.13 5400.00
7456.00 80.82 5400.00
7457.00 81.51 5400.00
7458.00 82.20 5400.00
7459.00 82.89 5400.00
7460.00 83.58 5400.00
7461.00 84.27 5400.00
7462.00 84.96 5400.00
7463.00 85.65 5400.00
7464.00 86.35 5400.00
7465.00 87.04 5400.00
7466.00 87.73 5400.00
7467.00 88.42 5400.00
7468.00 89.11 5400.00
7469.00 89.80 5400.00
7470.00 90.49 5400.00
7471.00 91.19 5400.00
7472.00 91.88 5400.00
7473.00 92.57 5400.00
7474.00 93.26 5400.00
7475.00 93.95 5400.00
7476.00 94.65 5400.00
7477.00 95.34 5400.00
7478.00 96.03 5400.00
7479.00 96.72 5400.00
7480.00 97.41 5400.00
7481.00 98.11 5400.00
7482.00 98.80 5400.00
7483.00 99.49 5400.00
7484.00 0.00 0.00
7684.00 0.00 5600.00
7685.00 0.69 5600.00
7686.00 1.37 5600.00
7687.00 2.06 5600.00
7688.00 2.75 5600.00
7689.00 3.43 5600.00
7690.00 4.12 5600.00
7691.00 4.80 5600.00
7692.00 5.49 5600.00
7693.00 6.18 5600.00
7694.00 6.87 5600.00
7695.00 7.55 5600.00
7696.00 8.24 5600.00
7697.00 8.93 5600.00
7698.00 9.61 5600.00
7699.00 10.30 5600.00
7700.00 10.99 5600.00
7701.00 11.68 5600.00
7702.00 12.36 5600.00
7703.00 13.05 5600.00
7704.00 13.74 5600.00
7705.00 14.43 5600.00
7706.00 15.12 5600.00
7707.00 15.80 5600.00
7708.00 16.49 5600.00
7709.00 17.18 5600.00
7710.00 17.87 5600.00
7711.00 18.56 5600.00
7712.00 19.25 5600.00
7713.00 19.93 5600.00
7714.00 20.62 5600.00
7715.00 21.31 5600.00
7716.00 22.00 5600.00
7717.00 22.69 5600.00
7718.00 23.38 5600.00
7719.00 24.07 5600.00
7720.00 24.76 5600.00
7721.00 25.45 5600.00
7722.00 26.14 5600.00
7723.00 26.82 5600.00
7724.00 27.51 5600.00
7725.00 28.20 5600.00
7726.00 28.89 5600.00
7727.00 29.58 5600.00
7728.00 30.27 5600.00
7729.00 30.96 5600.00
7730.00 31.65 5600.00
7731.00 32.34 5600.00
7732.00 33.03 5600.00
7733.00 33.72 5600.00
7734.00 34.42 5600.00
7735.00 35.11 5600.00
7736.00 35.80 5600.00
7737.00 36.49 5600.00
7738.00 37.18 5600.00
7739.00 37.87 5600.00
7740.00 38.56 5600.00
7741.00 39.25 5600.00
7742.00 39.94 5600.00
7743.00 40.63 5600.00
7744.00 41.33 5600.00
7745.00 42.02 5600.00
7746.00 42.71 5600.00
7747.00 43.40 5600.00
7748.00 44.09 5600.00
7749.00 44.78 5600.00
7750.00 45.48 5600.00
7751.00 46.17 5600.00
7752.00 46.86 5600.00
7753.00 47.55 5600.00
7754.00 48.24 5600.00
7755.00 48.94 5600.00
7756.00 49.63 5600.00
7757.00 50.32 5600.00
7758.00 51.01 5600.00
7759.00 51.71 5600.00
7760.00 52.40 5600.00
7761.00 53.09 5600.00
7762.00 53.79 5600.00
7763.00 54.48 5600.00
7764.00 55.17 5600.00
7765.00 55.86 5600.00
7766.00 56.56 5600.00
7767.00 57.25 5600.00
7768.00 57.95 5600.00
7769.00 58.64 5600.00
7770.00 59.33 5600.00
7771.00 60.03 5600.00
7772.00 60.72 5600.00
7773.00 61.41 5600.00
7774.00 62.11 5600.00
7775.00 62.80 5600.00
7776.00 63.50 5600.00
7777.00 64.19 5600.00
7778.00 64.89 5600.00
7779.00 65.58 5600.00
7780.00 66.27 5600.00
7781.00 66.97 5600.00
7782.00 67.66 5600.00
7783.00 68.36 5600.00
7784.00 69.05 5600.00
7785.00 69.75 5600.00
7786.00 70.44 5600.00
7787.00 71.14 5600.00
7788.00 71.83 5600.00
7789.00 72.53 5600.00
7790.00 73.23 5600.00
7791.00 73.92 5600.00
7792.00 74.62 5600.00
7793.00 75.31 5600.00
7794.00 76.01 5600.00
7795.00 76.70 5600.00
7796.00 77.40 5600.00
7797.00 78.10 5600.00
7798.00 78.79 5600.00
7799.00 79.49 5600.00
7800.00 80.19 5600.00
7801.00 80.88 5600.00
7802.00 81.58 5600.00
7803.00 82.27 5600.00
7804.00 82.97 5600.00
7805.00 83.67 5600.00
7806.00 84.37 5600.00
7807.00 85.06 5600.00
7808.00 85.76 5600.00
7809.00 86.46 5600.00
7810.00 87.15 5600.00
7811.00 87.85 5600.00
7812.00 88.55 5600.00
7813.00 89.25 5600.00
7814.00 89.94 5600.00
7815.00 90.64 5600.00
7816.00 91.34 5600.00
7817.00 92.04 5600.00
7818.00 92.74 5600.00
7819.00 93.43 5600.00
7820.00 94.13 5600.00
7821.00 94.83 5600.00
7822.00 95.53 5600.00
7823.00 96.23 5600.00
7824.00 96.93 5600.00
7825.00 97.62 5600.00
7826.00 98.32 5600.00
7827.00 99.02 5600.00
7828.00 99.72 5600.00
7829.00 0.00 0.00
