P3
# Palette  Firecode , J C Gonzalez, 2000
1 64
255
  0   0   0
  0   0   4
  0   0   8
  0   0  13
  0   0  17
  0   0  22
  0   0  26
  0   0  31
  0   0  35
  0   0  39
  0   0  44
  0   0  48
  0   0  53
  0   0  57
  0   0  62
  0   0  66
  0   0  71
  0   0  75
  0   0  79
  0   0  84
  0   0  88
 11   0  85
 23   0  81
 35   0  76
 47   0  72
 60   0  68
 72   0  63
 84   0  59
 96   0  55
109   0  51
121   0  46
133   0  42
145   0  38
157   0  33
170   0  29
182   0  25
194   0  21
206   0  16
219   0  12
231   0   8
243   0   3
255   1   0
255  27   0
255  52   0
255  77   0
255 103   0
255 125   0
255 138   0
255 151   0
255 164   0
255 178   0
255 191   0
255 204   0
255 217   0
255 230   0
255 243   0
254 247  37
254 248  69
254 249  88
254 249 107
254 250 126
254 251 159
254 252 193
254 253 223
#EOF
